SCM
001
USM
001	00008669	0	146	250	060	02	10	1
002	00008670	0	129	250	060	02	10	1
003	00008671	0	129	250	060	02	10	1
004	00008672	0	129	250	060	02	10	1
005	00008673	0	129	250	060	02	10	1
006	00008674	0	130	250	060	02	10	1
007	00008675	0	130	250	060	02	10	1
008	00008676	0	130	250	060	02	10	1
009	00008677	0	130	250	060	02	10	1
010	00008678	0	131	250	060	02	10	1
011	00008679	0	131	250	060	02	10	1
012	00008680	0	131	250	060	02	10	1
013	00008681	0	131	250	060	02	10	1
014	00008682	0	148	250	060	02	10	2
015	00008683	0	144	250	060	02	10	2
016	00008684	0	144	250	060	02	10	2
017	00008685	0	144	250	060	02	10	2
018	00008686	0	145	250	060	02	10	2
019	00008687	0	145	250	060	02	10	2
020	00008688	0	147	250	060	02	10	1
021	00008689	0	132	250	060	02	10	1
022	00008690	0	132	250	060	02	10	1
023	00008691	0	132	250	060	02	10	1
024	00008692	0	132	250	060	02	10	1
025	00008693	0	133	250	060	02	10	1
026	00008694	0	133	250	060	02	10	1
027	00008695	0	133	250	060	02	10	1
028	00008696	0	133	250	060	02	10	1
029	00008697	0	134	250	060	02	10	1
030	00008698	0	134	250	060	02	10	1
031	00008699	0	134	250	060	02	10	1
032	00008700	0	135	250	060	02	10	1
033	00008701	0	135	250	060	02	10	1
034	00008702	0	135	250	060	02	10	1
035	00008703	0	135	250	060	02	10	1
036	00008704	0	136	250	060	02	10	1
037	00008705	0	136	250	060	02	10	1
038	00008706	0	136	250	060	02	10	1
039	00008707	0	136	250	060	02	10	1
040	00008708	0	137	250	060	02	10	1
041	00008709	0	137	250	060	02	10	1
042	00008710	0	137	250	060	02	10	1
043	00008711	0	137	250	060	02	10	1
044	00008712	0	138	250	060	02	10	2
045	00008713	0	138	250	060	02	10	2
046	00008714	0	138	250	060	02	10	2
047	00008715	0	138	250	060	02	10	2
048	00008716	0	139	250	060	02	10	2
049	00008717	0	139	250	060	02	10	2
050	00008718	0	139	250	060	02	10	2
051	00008719	0	139	250	060	02	10	2
052	00008720	0	140	250	060	02	10	2
053	00008721	0	140	250	060	02	10	2
054	00008722	0	140	250	060	02	10	2
055	00008723	0	140	250	060	02	10	2
056	00008724	0	141	250	060	02	10	2
057	00008725	0	141	250	060	02	10	2
058	00008726	0	141	250	060	02	10	2
059	00008727	0	142	250	060	02	10	2
060	00008728	0	142	250	060	02	10	2
061	00008729	0	142	250	060	02	10	2
062	00008730	0	142	250	060	02	10	2
063	00008731	0	143	250	060	02	10	2
064	00008732	0	143	250	060	02	10	2
065	00008733	0	143	250	060	02	10	2
066	00008734	0	143	250	060	02	10	2
067	00008735	0	149	250	060	02	10	2
068	00050000	0	150	250	060	02	10	99
069	00050001	0	150	250	060	02	10	99



LGM
129	00001929	0
130	00001930	0
131	00001931	0
132	00001932	0
133	00001933	0
134	00001934	0
135	00001935	0
136	00001936	0
137	00001937	0
138	00001938	0
139	00001939	0
140	00001940	0
141	00001941	0
142	00001942	0
143	00001943	0
144	00001944	0
145	00001945	0
146	00002193	0
147	00002194	0
148	00002206	0
149	00002195	0
150	00070001	0

       
        
SCM     
002     
USM     
001	00008736	0	141	250	060	03	10	2
002	00008737	0	129	250	060	03	10	2
003	00008738	0	129	250	060	03	10	2
004	00008739	0	129	250	060	03	10	2
005	00008740	0	130	250	060	03	10	2
006	00008741	0	130	250	060	03	10	2
007	00008742	0	130	250	060	03	10	2
008	00008743	0	130	250	060	03	10	2
009	00008744	0	131	250	060	03	10	2
010	00008745	0	131	250	060	03	10	2
011	00008746	0	131	250	060	03	10	2
012	00008747	0	132	250	060	03	10	2
013	00008748	0	132	250	060	03	10	2
014	00008749	0	132	250	060	03	10	2
015	00008750	0	132	250	060	03	10	2
016	00008751	0	133	250	060	03	10	2
017	00008752	0	133	250	060	03	10	2
018	00008753	0	133	250	060	03	10	2
019	00008754	0	133	250	060	03	10	2
020	00008755	0	134	250	060	03	10	2
021	00008756	0	134	250	060	03	10	2
022	00008757	0	134	250	060	03	10	2
023	00008758	0	134	250	060	03	10	2
024	00008759	0	135	250	060	03	10	2
025	00008760	0	135	250	060	03	10	2
026	00008761	0	135	250	060	03	10	2
027	00008762	0	135	250	060	03	10	2
028	00008763	0	136	250	060	03	10	2
029	00008764	0	136	250	060	03	10	2
030	00008765	0	136	250	060	03	10	2
031	00008766	0	136	250	060	03	10	2
032	00008767	0	137	250	060	03	10	2
033	00008768	0	137	250	060	03	10	2
034	00008769	0	137	250	060	03	10	2
035	00008770	0	137	250	060	03	10	2
036	00008771	0	138	250	060	03	10	2
037	00008772	0	138	250	060	03	10	2
038	00008773	0	138	250	060	03	10	2
039	00008774	0	139	250	060	03	10	2
040	00008775	0	139	250	060	03	10	2
041	00008776	0	139	250	060	03	10	2
042	00008777	0	139	250	060	03	10	2
043	00008778	0	139	250	060	03	10	2
044	00008779	0	140	250	060	03	10	2
045	00008780	0	140	250	060	03	10	2
046	00008781	0	140	250	060	03	10	2
047	00008782	0	142	250	060	03	10	2
048	00050000	0	143	250	060	03	10	99
049	00050001	0	144	250	060	03	10	99



LGM
129	00001946	0
130	00001947	0
131	00001948	0
132	00001949	0
133	00001950	0
134	00001951	0
135	00001952	0
136	00001953	0
137	00001954	0
138	00001955	0
139	00001956	0
140	00001957	0
141	00002196	0
142	00002216	0
143	00070000	0
144	00070001	0



SCM
003
USM
001	00008783	0	129	250	060	02	10	2
002	00008784	0	129	250	060	02	10	2
003	00008785	0	130	250	060	02	10	2
004	00008786	0	130	250	060	02	10	2
005	00008787	0	130	250	060	02	10	2
006	00008788	0	131	250	060	02	10	2
007	00008789	0	131	250	060	02	10	2
008	00008790	0	131	250	060	02	10	2
009	00008791	0	131	250	060	02	10	2
010	00008792	0	131	250	060	02	10	2
011	00008793	0	132	250	060	02	10	2
012	00008794	0	132	250	060	02	10	2
013	00008795	0	132	250	060	02	10	2
014	00008796	0	132	250	060	02	10	2
015	00008797	0	133	250	060	02	10	2
016	00008798	0	133	250	060	02	10	2
017	00008799	0	133	250	060	02	10	2
018	00008800	0	134	250	060	02	10	2
019	00008801	0	134	250	060	02	10	2
020	00008802	0	134	250	060	02	10	2
021	00008803	0	134	250	060	02	10	2
022	00008804	0	135	250	060	02	10	2
023	00008805	0	135	250	060	02	10	2
024	00008806	0	135	250	060	02	10	2
025	00008807	0	135	250	060	02	10	2
026	00008808	0	136	250	060	02	10	2
027	00008809	0	136	250	060	02	10	2
028	00008810	0	136	250	060	02	10	2
029	00008811	0	136	250	060	02	10	2
030	00008812	0	137	250	060	02	10	2
031	00008813	0	137	250	060	02	10	2
032	00008814	0	137	250	060	02	10	2
033	00008815	0	137	250	060	02	10	2
034	00008816	0	138	250	060	02	10	2
035	00008817	0	138	250	060	02	10	2
036	00008818	0	138	250	060	02	10	2
037	00008819	0	138	250	060	02	10	2
038	00008820	0	139	250	060	02	10	2
039	00008821	0	139	250	060	02	10	2
040	00008822	0	139	250	060	02	10	2
041	00008823	0	139	250	060	02	10	2
042	00008824	0	140	250	060	02	10	2
043	00008825	0	140	250	060	02	10	2
044	00008826	0	140	250	060	02	10	2
045	00008827	0	141	250	060	02	10	2
046	00008828	0	141	250	060	02	10	2
047	00008829	0	141	250	060	02	10	2
048	00008830	0	141	250	060	02	10	2
049	00008831	0	142	250	060	02	10	2
050	00008832	0	142	250	060	02	10	2
051	00008833	0	142	250	060	02	10	2
052	00008834	0	142	250	060	02	10	2
053	00008835	0	147	250	060	02	10	2
054	00008836	0	146	250	060	02	10	2
055	00008837	0	146	250	060	02	10	2
056	00008838	0	146	250	060	02	10	2
057	00008839	0	145	250	060	02	10	2
058	00008840	0	145	250	060	02	10	2
059	00008841	0	145	250	060	02	10	2
060	00008842	0	149	250	060	02	10	2
061	00008843	0	144	250	060	02	10	2
062	00008844	0	143	250	060	02	10	2
063	00008845	0	143	250	060	02	10	2
064	00008846	0	143	250	060	02	10	2
065	00008847	0	143	250	060	02	10	2
066	00008848	0	148	250	060	02	10	2
067	00050000	0	150	250	060	02	10	99
068	00050001	0	151	250	060	02	10	99
069	00050002	0	152	250	060	02	10	99
070	00050003	0	152	250	060	02	10	99



LGM
129	00001958	0
130	00001959	0
131	00001960	0
132	00001961	0
133	00001962	0
134	00001963	0
135	00001964	0
136	00001965	0
137	00001966	0
138	00001967	0
139	00001968	0
140	00001969	0
141	00001970	0
142	00001971	0
143	00001972	0
144	00001973	0
145	00001974	0
146	00001975	0
147	00002213	0
148	00002214	0
149	00002215	0
150	00070000	0
151	00070001	0
152	00070002	0



SCM
004
USM
001	00008849	0	129	250	060	02	10	1
002	00008850	0	129	250	060	02	10	1
003	00008851	0	129	250	060	02	10	1
004	00008852	0	129	250	060	02	10	1
005	00008853	0	130	250	060	02	10	1
006	00008854	0	130	250	060	02	10	1
007	00008855	0	130	250	060	02	10	1
008	00008856	0	130	250	060	02	10	1
009	00008857	0	131	250	060	02	10	1
010	00008858	0	131	250	060	02	10	1
011	00008859	0	131	250	060	02	10	1
012	00008860	0	131	250	060	02	10	1
013	00008861	0	132	250	060	02	10	1
014	00008862	0	132	250	060	02	10	1
015	00008863	0	132	250	060	02	10	1
016	00008864	0	132	250	060	02	10	1
017	00008865	0	133	250	060	02	10	1
018	00008866	0	133	250	060	02	10	1
019	00008867	0	133	250	060	02	10	1
020	00008868	0	133	250	060	02	10	1
021	00008869	0	134	250	060	02	10	1
022	00008870	0	134	250	060	02	10	1
023	00008871	0	134	250	060	02	10	1
024	00008872	0	134	250	060	02	10	1
025	00008873	0	144	250	060	02	10	1
026	00008874	0	145	250	060	02	10	2
027	00008875	0	135	250	060	02	10	2
028	00008876	0	135	250	060	02	10	2
029	00008877	0	135	250	060	02	10	2
030	00008878	0	135	250	060	02	10	2
031	00008879	0	136	250	060	02	10	2
032	00008880	0	136	250	060	02	10	2
033	00008881	0	136	250	060	02	10	2
034	00008882	0	136	250	060	02	10	2
035	00008883	0	137	250	060	02	10	2
036	00008884	0	137	250	060	02	10	2
037	00008885	0	137	250	060	02	10	2
038	00008886	0	137	250	060	02	10	2
039	00008887	0	138	250	060	02	10	2
040	00008888	0	138	250	060	02	10	2
041	00008889	0	138	250	060	02	10	2
042	00008890	0	138	250	060	02	10	2
043	00008891	0	139	250	060	02	10	2
044	00008892	0	139	250	060	02	10	2
045	00008893	0	139	250	060	02	10	2
046	00008894	0	139	250	060	02	10	2
047	00008895	0	140	250	060	02	10	2
048	00008896	0	140	250	060	02	10	2
049	00008897	0	140	250	060	02	10	2
050	00008898	0	140	250	060	02	10	2
051	00008899	0	141	250	060	02	10	12
052	00008900	0	142	250	060	02	10	12
053	00008901	0	142	250	060	02	10	12
054	00008902	0	142	250	060	02	10	12
055	00008903	0	143	250	060	02	10	12
056	00050000	0	146	250	060	02	10	99
057	00050001	0	147	250	060	02	10	99
058	00050002	0	148	250	060	02	10	99



LGM
129	00002020	0
130	00002021	0
131	00002022	0
132	00002023	0
133	00002024	0
134	00002025	0
135	00002014	0
136	00002015	0
137	00002016	0
138	00002017	0
139	00002018	0
140	00002019	0
141	00002411	0
142	00002390	0
143	00002210	0
144	00002226	0
145	00002209	0
146	00070000	0
147	00070001	0
148	00070002	0



SCM
005
USM
001	00008904	0	129	250	060	02	10	2
002	00008905	0	129	250	060	02	10	2
003	00008906	0	129	250	060	02	10	2
004	00008907	0	129	250	060	02	10	2
005	00008908	0	130	250	060	02	10	2
006	00008909	0	130	250	060	02	10	2
007	00008910	0	130	250	060	02	10	2
008	00008911	0	130	250	060	02	10	2
009	00008912	0	131	250	060	02	10	2
010	00008913	0	131	250	060	02	10	2
011	00008914	0	131	250	060	02	10	2
012	00008915	0	131	250	060	02	10	2
013	00008916	0	132	250	060	02	10	2
014	00008917	0	132	250	060	02	10	2
015	00008918	0	132	250	060	02	10	2
016	00008919	0	132	250	060	02	10	2
017	00008920	0	133	250	060	02	10	2
018	00008921	0	133	250	060	02	10	2
019	00008922	0	133	250	060	02	10	2
020	00008923	0	133	250	060	02	10	2
021	00008924	0	134	250	060	02	10	2
022	00008925	0	134	250	060	02	10	2
023	00008926	0	134	250	060	02	10	2
024	00008927	0	134	250	060	02	10	2
025	00008928	0	141	250	060	02	10	2
026	00008929	0	142	250	060	02	10	2
027	00008930	0	135	250	060	02	10	2
028	00008931	0	135	250	060	02	10	2
029	00008932	0	135	250	060	02	10	2
030	00008933	0	135	250	060	02	10	2
031	00008934	0	136	250	060	02	10	2
032	00008935	0	136	250	060	02	10	2
033	00008936	0	136	250	060	02	10	2
034	00008937	0	136	250	060	02	10	2
035	00008938	0	137	250	060	02	10	2
036	00008939	0	137	250	060	02	10	2
037	00008940	0	137	250	060	02	10	2
038	00008941	0	137	250	060	02	10	2
039	00008942	0	138	250	060	02	10	2
040	00008943	0	138	250	060	02	10	2
041	00008944	0	138	250	060	02	10	2
042	00008945	0	138	250	060	02	10	2
043	00008946	0	139	250	060	02	10	2
044	00008947	0	139	250	060	02	10	2
045	00008948	0	139	250	060	02	10	2
046	00008949	0	139	250	060	02	10	2
047	00008950	0	140	250	060	02	10	2
048	00008951	0	140	250	060	02	10	2
049	00008952	0	140	250	060	02	10	2
050	00050000	0	143	250	060	02	10	99
051	00050001	0	144	250	060	02	10	99
052	00050002	0	144	250	060	02	10	99



LGM
129	00001998	0
130	00001999	0
131	00002000	0
132	00002001	0
133	00002002	0
134	00002003	0
135	00001992	0
136	00001993	0
137	00001994	0
138	00001995	0
139	00001996	0
140	00001997	0
141	00002208	0
142	00002207	0
143	00050000	0
144	00050001	0



SCM
006
USM
001	00008953	0	142	250	060	02	10	2
002	00008954	0	129	250	060	02	10	2
003	00008955	0	129	250	060	02	10	2
004	00008956	0	129	250	060	02	10	2
005	00008957	0	139	250	060	02	10	2
006	00008958	0	130	250	060	02	10	2
007	00008959	0	130	250	060	02	10	2
008	00008960	0	131	250	060	02	10	2
009	00008961	0	131	250	060	02	10	2
010	00008962	0	131	250	060	02	10	2
011	00008963	0	131	250	060	02	10	2
012	00008964	0	141	250	060	02	10	2
013	00008965	0	132	250	060	02	10	2
014	00008966	0	132	250	060	02	10	2
015	00008967	0	132	250	060	02	10	2
016	00008968	0	132	250	060	02	10	2
017	00008969	0	133	250	060	02	10	2
018	00008970	0	133	250	060	02	10	2
019	00008971	0	133	250	060	02	10	2
020	00008972	0	133	250	060	02	10	2
021	00008973	0	134	250	060	02	10	2
022	00008974	0	134	250	060	02	10	2
023	00008975	0	134	250	060	02	10	2
024	00008976	0	134	250	060	02	10	2
025	00008977	0	135	250	060	02	10	2
026	00008978	0	135	250	060	02	10	2
027	00008979	0	135	250	060	02	10	2
028	00008980	0	135	250	060	02	10	2
029	00008981	0	136	250	060	02	10	2
030	00008982	0	136	250	060	02	10	2
031	00008983	0	136	250	060	02	10	2
032	00008984	0	136	250	060	02	10	2
033	00008985	0	137	250	060	02	10	2
034	00008986	0	137	250	060	02	10	2
035	00008987	0	137	250	060	02	10	2
036	00008988	0	137	250	060	02	10	2
037	00008989	0	138	250	060	02	10	2
038	00008990	0	138	250	060	02	10	2
039	00008991	0	138	250	060	02	10	2
040	00008992	0	138	250	060	02	10	2
041	00008993	0	139	250	060	02	10	2
042	00008994	0	139	250	060	02	10	2
043	00008995	0	139	250	060	02	10	2
044	00008996	0	139	250	060	02	10	2
045	00008997	0	140	250	060	02	10	2
046	00008998	0	140	250	060	02	10	2
047	00050000	0	140	250	060	02	10	99
048	00050001	0	140	250	060	02	10	99



LGM
129	00001976	0
130	00001977	0
131	00001978	0
132	00001979	0
133	00001980	0
134	00001981	0
135	00001982	0
136	00001983	0
137	00001984	0
138	00001985	0
139	00001986	0
140	00001987	0
141	00002211	0
142	00002212	0
143	00070000	0
144	00070001	0




SCM
007
USM
001	00008999	0	129	250	060	02	10	2
002	00009000	0	129	250	060	02	10	2
003	00009001	0	129	250	060	02	10	2
004	00009002	0	129	250	060	02	10	2
005	00009003	0	130	250	060	02	10	2
006	00009004	0	130	250	060	02	10	2
007	00009005	0	130	250	060	02	10	2
008	00009006	0	130	250	060	02	10	2
009	00009007	0	131	250	060	02	10	2
010	00009008	0	131	250	060	02	10	2
011	00009009	0	131	250	060	02	10	2
012	00009010	0	131	250	060	02	10	2
013	00009011	0	132	250	060	02	10	2
014	00009012	0	132	250	060	02	10	2
015	00009013	0	132	250	060	02	10	2
016	00009014	0	132	250	060	02	10	2
017	00009015	0	133	250	060	02	10	2
018	00009016	0	133	250	060	02	10	2
019	00009017	0	133	250	060	02	10	2
020	00009018	0	133	250	060	02	10	2
021	00009019	0	134	250	060	02	10	2
022	00009020	0	134	250	060	02	10	2
023	00009021	0	134	250	060	02	10	2
024	00009022	0	134	250	060	02	10	2
025	00009023	0	135	250	060	02	10	2
026	00009024	0	135	250	060	02	10	2
027	00009025	0	135	250	060	02	10	2
028	00009026	0	135	250	060	02	10	2
029	00009027	0	136	250	060	02	10	2
030	00009028	0	136	250	060	02	10	2
031	00009029	0	136	250	060	02	10	2
032	00009030	0	136	250	060	02	10	2
033	00009031	0	137	250	060	02	10	2
034	00009032	0	137	250	060	02	10	2
035	00009033	0	137	250	060	02	10	2
036	00009034	0	137	250	060	02	10	2
037	00009035	0	138	250	060	02	10	2
038	00009036	0	138	250	060	02	10	2
039	00009037	0	138	250	060	02	10	2
040	00009038	0	138	250	060	02	10	2
041	00009039	0	139	250	060	02	10	2
042	00009040	0	139	250	060	02	10	2
043	00009041	0	139	250	060	02	10	2
044	00009042	0	139	250	060	02	10	2
045	00009043	0	140	250	060	02	10	2
046	00009044	0	140	250	060	02	10	2
047	00009045	0	140	250	060	02	10	2
048	00009046	0	140	250	060	02	10	2
049	00009047	0	141	250	060	02	10	12
050	00009048	0	141	250	060	02	10	12
051	00009049	0	141	250	060	02	10	12
052	00009050	0	142	250	060	02	10	1
053	00009051	0	142	250	060	02	10	1
054	00009052	0	142	250	060	02	10	1
055	00009053	0	142	250	060	02	10	1
056	00009054	0	143	250	060	02	10	1
057	00009055	0	143	250	060	02	10	1
058	00009056	0	143	250	060	02	10	1
059	00009057	0	143	250	060	02	10	1
060	00009058	3	144	250	060	02	10	1
061	00009059	3	144	250	060	02	10	1
062	00009060	3	144	250	060	02	10	1
063	00009061	3	144	250	060	02	10	1
064	00009062	0	145	250	060	02	10	2
065	00009063	0	145	250	060	02	10	2
066	00009064	0	145	250	060	02	10	2
067	00009065	0	146	250	060	02	10	2
068	00009066	0	146	250	060	02	10	2
069	00009067	0	146	250	060	02	10	2
070	00050000	0	140	250	060	02	10	99
071	00050001	0	140	250	060	02	10	99
072	00050002	0	140	250	060	02	10	99


LGM
129	00001988	0
130	00001989	0
131	00001990	0
132	00001991	0
133	00002004	0
134	00002005	0
135	00002006	0
136	00002007	0
137	00002010	0
138	00002011	0
139	00002012	0
140	00002013	0
141	00002389	0
142	00002026	0
143	00002171	0
144	00002028	3
145	00002009	0
146	00002008	0
147	00070000	0
148	00070001	0



