SCM								
001								
USM								
001	00002247	0	129	250	110	10	03	1
002	00002248	0	129	250	110	10	03	1
003	00002249	0	130	250	110	10	03	1
004	00002250	0	130	250	110	10	03	1
005	00002251	0	130	250	110	10	03	1
006	00002252	0	131	250	110	10	03	1
007	00002253	0	131	250	110	10	03	1
008	00002254	0	131	250	110	10	03	1
009	00002255	0	131	250	110	10	03	1
010	00002256	0	132	250	110	10	03	1
011	00002257	0	132	250	110	10	03	1
012	00002258	0	132	250	110	10	03	1
013	00002259	0	133	250	110	10	03	1
014	00002260	0	133	250	110	10	03	1
015	00002261	0	134	250	110	10	03	1
016	00002262	0	134	250	110	10	03	1
017	00002263	0	134	250	110	10	03	1
018	00002264	0	135	250	110	10	03	1
019	00002265	0	135	250	110	10	03	1
020	00002266	0	135	250	110	10	03	1
021	00002267	0	136	250	110	10	03	1
022	00002268	0	136	250	110	10	03	1
023	00002269	0	136	250	110	10	03	1
024	00002278	0	137	250	110	10	03	1
025	00002279	0	137	250	110	10	03	1
026	00002280	0	137	250	110	10	03	1
027	00002281	0	138	250	110	10	03	1
028	00002282	0	138	250	110	10	03	1
029	00002283	0	138	250	110	10	03	1
030	00002284	0	139	250	110	10	03	1
031	00002285	0	139	250	110	10	03	1
032	00002286	0	139	250	110	10	03	1
033	00002287	0	140	250	110	10	03	1
034	00002288	0	140	250	110	10	03	1
035	00002289	0	140	250	110	10	03	1
036	00002290	0	141	250	110	10	03	1
037	00002291	0	141	250	110	10	03	1
038	00002292	0	141	250	110	10	03	1
039	00002293	0	142	250	110	10	03	1
040	00002294	0	142	250	110	10	03	1
041	00002295	0	142	250	110	10	03	1
042	00002296	0	143	250	110	10	03	1
043	00002297	0	143	250	110	10	03	1
044	00002298	0	143	250	110	10	03	1
045	00002299	0	144	250	110	10	03	1
046	00002300	0	144	250	110	10	03	1
047	00002301	0	144	250	110	10	03	1
048	00002302	0	145	250	110	10	03	1
049	00002303	0	145	250	110	10	03	1
050	00002304	0	145	250	110	10	03	1
051	00002323	0	146	250	110	10	03	1
052	00002324	0	146	250	110	10	03	1
053	00002325	0	146	250	110	10	03	1
054	00002326	0	147	250	110	10	03	1
055	00002327	0	147	250	110	10	03	1
056	00002328	0	148	250	110	10	03	1
057	00002329	0	148	250	110	10	03	1
058	00002330	0	149	250	110	10	03	1
059	00002331	0	149	250	110	10	03	1
060	00002332	0	149	250	110	10	03	1
061	00050000	0	150	250	110	10	03	99
062	00050001	0	150	250	110	10	03	99

								
								
								
								
LGM								
129	00001167	0
130	00001168	0
131	00001169	0
132	00001170	0
133	00001171	0
134	00001172	0
135	00001173	0
136	00001174	0
137	00001178	0
138	00001179	0
139	00001180	0
140	00001181	0
141	00001182	0
142	00001183	0
143	00001184	0
144	00001185	0
145	00001186	0
146	00001193	0
147	00001194	0
148	00001195	0
149	00001196	0
150	00070000	0
					
								
								
SCM								
002								
USM								
001	00002360	0	129	250	110	10	03	1
002	00002361	0	129	250	110	10	03	1
003	00002362	0	129	250	110	10	03	1
004	00002363	0	130	250	110	10	03	1
005	00002364	0	130	250	110	10	03	1
006	00002365	0	130	250	110	10	03	1
007	00002366	0	131	250	110	10	03	1
008	00002367	0	131	250	110	10	03	1
009	00002368	0	131	250	110	10	03	1
010	00002369	0	132	250	110	10	03	1
011	00002370	0	132	250	110	10	03	1
012	00002371	0	132	250	110	10	03	1
013	00002372	0	133	250	110	10	03	1
014	00002373	0	133	250	110	10	03	1
015	00002374	0	133	250	110	10	03	1
016	00002375	0	134	250	110	10	03	1
017	00002376	0	134	250	110	10	03	1
018	00002377	0	134	250	110	10	03	1
019	00002378	0	135	250	110	10	03	1
020	00002379	0	135	250	110	10	03	1
021	00002380	0	135	250	110	10	03	1
022	00002381	0	136	250	110	10	03	1
023	00002382	0	136	250	110	10	03	1
024	00002383	0	136	250	110	10	03	1
025	00002384	0	137	250	110	10	03	1
026	00002385	0	137	250	110	10	03	1
027	00002386	0	138	250	110	10	03	1
028	00002387	0	138	250	110	10	03	1
029	00002388	0	139	250	110	10	03	1
030	00002389	0	139	250	110	10	03	1
031	00002390	0	139	250	110	10	03	1
032	00002391	0	140	250	110	10	03	1
033	00002392	0	140	250	110	10	03	1
034	00002393	0	140	250	110	10	03	1
035	00002345	0	141	250	110	10	03	1
036	00002346	0	141	250	110	10	03	1
037	00002347	0	141	250	110	10	03	1
038	00002348	0	142	250	110	10	03	1
039	00002349	0	142	250	110	10	03	1
040	00002350	0	142	250	110	10	03	1
041	00002351	0	143	250	110	10	03	1
042	00002352	0	143	250	110	10	03	1
043	00002353	0	143	250	110	10	03	1
044	00002354	0	144	250	110	10	03	1
045	00002355	0	144	250	110	10	03	1
046	00002356	0	144	250	110	10	03	1
047	00002357	0	145	250	110	10	03	1
048	00002358	0	145	250	110	10	03	1
049	00002359	0	145	250	110	10	03	1
050	00002270	0	146	250	110	10	03	1
051	00002271	0	146	250	110	10	03	1
052	00002272	0	147	250	110	10	03	1
053	00002273	0	147	250	110	10	03	1
054	00002274	0	148	250	110	10	03	1
055	00002275	0	148	250	110	10	03	1
056	00002276	0	148	250	110	10	03	1
057	00002277	0	148	250	110	10	03	1
058	00050000	0	149	250	110	10	03	99
059	00050001	0	150	250	110	10	03	99
060	00050002	0	150	250	110	10	03	99

								
								
								
								
LGM								
129	00001206	0
130	00001207	0
131	00001208	0
132	00001209	0
133	00001210	0
134	00001211	0
135	00001212	0
136	00001213	0
137	00001214	0
138	00001215	0
139	00001216	0
140	00001217	0
141	00001201	0
142	00001202	0
143	00001203	0
144	00001204	0
145	00001205	0
146	00001175	0
147	00001176	0
148	00001177	0
149	00070000	0
150	00070001	0
				
								
								
								
SCM								
003								
USM								
001	00002394	0	129	250	110	10	03	1
002	00002395	0	129	250	110	10	03	1
003	00002396	0	129	250	110	10	03	1
004	00002397	0	130	250	110	10	03	1
005	00002398	0	130	250	110	10	03	1
006	00002399	0	130	250	110	10	03	1
007	00002400	0	131	250	110	10	03	1
008	00002401	0	131	250	110	10	03	1
009	00002402	0	131	250	110	10	03	1
010	00002403	0	132	250	110	10	03	1
011	00002404	0	132	250	110	10	03	1
012	00002405	0	132	250	110	10	03	1
013	00002406	0	133	250	110	10	03	1
014	00002407	0	133	250	110	10	03	1
015	00002408	0	133	250	110	10	03	1
016	00002409	0	134	250	110	10	03	1
017	00002410	0	134	250	110	10	03	1
018	00002411	0	134	250	110	10	03	1
019	00002412	0	135	250	110	10	03	1
020	00002413	0	135	250	110	10	03	1
021	00002414	0	135	250	110	10	03	1
022	00002415	0	136	250	110	10	03	1
023	00002416	0	136	250	110	10	03	1
024	00002417	0	136	250	110	10	03	1
025	00002418	0	137	250	110	10	03	1
026	00002419	0	137	250	110	10	03	1
027	00002420	0	137	250	110	10	03	1
028	00002421	0	137	250	110	10	03	1
029	00002422	0	138	250	110	10	03	1
030	00002423	0	138	250	110	10	03	1
031	00002424	0	138	250	110	10	03	1
032	00002425	0	139	250	110	10	03	1
033	00002426	0	139	250	110	10	03	1
034	00002427	0	139	250	110	10	03	1
035	00002428	0	140	250	110	10	03	1
036	00002429	0	140	250	110	10	03	1
037	00002430	0	140	250	110	10	03	1
038	00002431	0	141	250	110	10	03	1
039	00002432	0	141	250	110	10	03	1
040	00002433	0	141	250	110	10	03	1
041	00002434	0	142	250	110	10	03	1
042	00002435	0	142	250	110	10	03	1
043	00002436	0	142	250	110	10	03	1
044	00002437	0	143	250	110	10	03	1
045	00002438	0	143	250	110	10	03	1
046	00002439	0	143	250	110	10	03	1
047	00002440	0	144	250	110	10	03	1
048	00002441	0	144	250	110	10	03	1
049	00002442	0	144	250	110	10	03	1
050	00002443	0	145	250	110	10	03	1
051	00002444	0	145	250	110	10	03	1
052	00002445	0	145	250	110	10	03	1
053	00002446	0	146	250	110	10	03	1
054	00002447	0	146	250	110	10	03	1
055	00002448	0	146	250	110	10	03	1
056	00002449	0	147	250	110	10	03	1
057	00002450	0	147	250	110	10	03	1
058	00002451	0	147	250	110	10	03	1
059	00050000	0	148	250	110	10	03	99
060	00050001	0	148	250	110	10	03	99

								
								
								
								
LGM								
129	00001218	0
130	00001219	0
131	00001220	0
132	00001221	0
133	00001222	0
134	00001223	0
135	00001224	0
136	00001225	0
137	00001226	0
138	00001227	0
139	00001228	0
140	00001229	0
141	00001230	0
142	00001231	0
143	00001232	0
144	00001233	0
145	00001234	0
146	00001235	0
147	00001236	0
148	00070000	0
						
								
								
								
								
SCM								
004								
USM								
001	00002452	0	129	250	110	10	03	1
002	00002453	0	129	250	110	10	03	1
003	00002454	0	129	250	110	10	03	1
004	00002455	0	130	250	110	10	03	1
005	00002456	0	130	250	110	10	03	1
006	00002457	0	130	250	110	10	03	1
007	00002458	0	131	250	110	10	03	1
008	00002459	0	131	250	110	10	03	1
009	00002460	0	131	250	110	10	03	1
010	00002461	0	132	250	110	10	03	1
011	00002462	0	132	250	110	10	03	1
012	00002463	0	132	250	110	10	03	1
013	00002464	0	133	250	110	10	03	1
014	00002465	0	133	250	110	10	03	1
015	00002466	0	133	250	110	10	03	1
016	00002467	0	134	250	110	10	03	1
017	00002468	0	134	250	110	10	03	1
018	00002469	0	134	250	110	10	03	1
019	00002470	0	135	250	110	10	03	1
020	00002471	0	135	250	110	10	03	1
021	00002472	0	135	250	110	10	03	1
022	00002473	0	136	250	110	10	03	1
023	00002474	0	136	250	110	10	03	1
024	00002475	0	136	250	110	10	03	1
025	00002476	0	137	250	110	10	03	1
026	00002477	0	137	250	110	10	03	1
027	00002478	0	138	250	110	10	03	1
028	00002479	0	138	250	110	10	03	1
029	00002480	0	138	250	110	10	03	1
030	00002481	0	139	250	110	10	03	1
031	00002482	0	139	250	110	10	03	1
032	00002483	0	139	250	110	10	03	1
033	00002484	0	140	250	110	10	03	1
034	00002485	0	140	250	110	10	03	1
035	00002486	0	140	250	110	10	03	1
036	00002487	0	141	250	110	10	03	1
037	00002488	0	141	250	110	10	03	1
038	00002489	0	141	250	110	10	03	1
039	00002490	0	141	250	110	10	03	1
040	00002491	0	142	250	110	10	03	1
041	00002492	0	142	250	110	10	03	1
042	00002493	0	142	250	110	10	03	1
043	00002494	0	143	250	110	10	03	1
044	00002495	0	143	250	110	10	03	1
045	00002757	0	144	250	110	10	03	1
046	00002758	0	144	250	110	10	03	1
047	00002759	0	144	250	110	10	03	1
048	00002760	0	145	250	110	10	03	1
049	00002761	0	145	250	110	10	03	1
050	00002762	0	145	250	110	10	03	1
051	00002763	0	146	250	110	10	03	1
052	00002764	0	146	250	110	10	03	1
053	00002926	0	147	250	110	10	03	1
054	00002927	0	147	250	110	10	03	1
055	00002928	0	148	250	110	10	03	1
056	00002929	0	148	250	110	10	03	1
057	00002930	0	148	250	110	10	03	1
058	00002931	0	149	250	110	10	03	1
059	00002932	0	149	250	110	10	03	1
060	00002933	0	149	250	110	10	03	1
061	00002934	0	150	250	110	10	03	1
062	00002935	0	150	250	110	10	03	1
063	00002936	0	150	250	110	10	03	1
064	00002937	0	151	250	110	10	03	1
065	00002938	0	151	250	110	10	03	1
066	00002939	0	151	250	110	10	03	1
067	00050000	0	152	250	110	10	03	99
068	00050001	0	152	250	110	10	03	99

								
								
								
								
LGM								
129	00001237	0
130	00001238	0
131	00001239	0
132	00001240	0
133	00001241	0
134	00001242	0
135	00001243	0
136	00001244	0
137	00001245	0
138	00001246	0
139	00001247	0
140	00001248	0
141	00001249	0
142	00001250	0
143	00001251	0
144	00001343	0
145	00001344	0
146	00001345	0
147	00001399	0
148	00001400	0
149	00001401	0
150	00001402	0
151	00001403	0
152	00070000	0
						
								
								
								
								
SCM								
005								
USM								
001	00002496	0	129	250	110	10	03	1
002	00002497	0	129	250	110	10	03	1
003	00002498	0	130	250	110	10	03	1
004	00002499	0	130	250	110	10	03	1
005	00002500	0	131	250	110	10	03	1
006	00002501	0	131	250	110	10	03	1
007	00002502	0	131	250	110	10	03	1
008	00002503	0	131	250	110	10	03	1
009	00002504	0	132	250	110	10	03	1
010	00002505	0	132	250	110	10	03	1
011	00002506	0	132	250	110	10	03	1
012	00002507	0	133	250	110	10	03	1
013	00002508	0	133	250	110	10	03	1
014	00002509	0	133	250	110	10	03	1
015	00002510	0	134	250	110	10	03	1
016	00002511	0	134	250	110	10	03	1
017	00002512	0	134	250	110	10	03	1
018	00002513	0	135	250	110	10	03	1
019	00002514	0	135	250	110	10	03	1
020	00002515	0	135	250	110	10	03	1
021	00002516	0	136	250	110	10	03	1
022	00002517	0	136	250	110	10	03	1
023	00002518	0	137	250	110	10	03	1
024	00002519	0	137	250	110	10	03	1
025	00002520	0	137	250	110	10	03	1
026	00002521	0	138	250	110	10	03	1
027	00002522	0	138	250	110	10	03	1
028	00002523	0	138	250	110	10	03	1
029	00002524	0	139	250	110	10	03	1
030	00002525	0	139	250	110	10	03	1
031	00002526	0	139	250	110	10	03	1
032	00002527	0	140	250	110	10	03	1
033	00002528	0	140	250	110	10	03	1
034	00002529	0	140	250	110	10	03	1
035	00002530	0	140	250	110	10	03	1
036	00002531	0	141	250	110	10	03	1
037	00002532	0	141	250	110	10	03	1
038	00002533	0	142	250	110	10	03	1
039	00002534	0	142	250	110	10	03	1
040	00002535	0	142	250	110	10	03	1
041	00002536	0	143	250	110	10	03	1
042	00002537	0	143	250	110	10	03	1
043	00002538	0	143	250	110	10	03	1
044	00002539	0	144	250	110	10	03	1
045	00002540	0	144	250	110	10	03	1
046	00002541	0	144	250	110	10	03	1
047	00002542	0	145	250	110	10	03	1
048	00002543	0	145	250	110	10	03	1
049	00002544	0	146	250	110	10	03	1
050	00002545	0	146	250	110	10	03	1
051	00002546	0	147	250	110	10	03	1
052	00002547	0	147	250	110	10	03	1
053	00002548	0	147	250	110	10	03	1
054	00002549	0	148	250	110	10	03	1
055	00002550	0	148	250	110	10	03	1
056	00002551	0	148	250	110	10	03	1
057	00002552	0	149	250	110	10	03	1
058	00002553	0	149	250	110	10	03	1
059	00002554	0	149	250	110	10	03	1
060	00002555	0	150	250	110	10	03	1
061	00002556	0	150	250	110	10	03	1
062	00002557	0	150	250	110	10	03	1
063	00002558	0	151	250	110	10	03	1
064	00002559	0	151	250	110	10	03	1
065	00002560	0	151	250	110	10	03	1
066	00050000	0	152	250	110	10	03	99

								
								
								
								
LGM								
129	00001252	0
130	00001253	0
131	00001254	0
132	00001255	0
133	00001256	0
134	00001257	0
135	00001258	0
136	00001259	0
137	00001260	0
138	00001261	0
139	00001262	0
140	00001263	0
141	00001264	0
142	00001265	0
143	00001266	0
144	00001267	0
145	00001268	0
146	00001269	0
147	00001270	0
148	00001271	0
149	00001272	0
150	00001273	0
151	00001274	0
152	00070000	0
						
								
								
								
								
SCM								
006								
USM								
001	00002833	0	129	250	110	10	03	1
002	00002834	0	129	250	110	10	03	1
003	00002835	0	129	250	110	10	03	1
004	00002836	0	129	250	110	10	03	1
005	00002837	0	130	250	110	10	03	1
006	00002838	0	130	250	110	10	03	1
007	00002839	0	130	250	110	10	03	1
008	00002840	0	131	250	110	10	03	1
009	00002841	0	131	250	110	10	03	1
010	00002842	0	131	250	110	10	03	1
011	00002843	0	132	250	110	10	03	1
012	00002844	0	132	250	110	10	03	1
013	00002845	0	133	250	110	10	03	1
014	00002846	0	133	250	110	10	03	1
015	00002847	0	133	250	110	10	03	1
016	00002848	0	134	250	110	10	03	1
017	00002849	0	134	250	110	10	03	1
018	00002850	0	134	250	110	10	03	1
019	00002851	0	135	250	110	10	03	1
020	00002852	0	135	250	110	10	03	1
021	00002853	0	135	250	110	10	03	1
022	00002854	0	136	250	110	10	03	1
023	00002855	0	136	250	110	10	03	1
024	00002856	0	136	250	110	10	03	1
025	00002857	0	137	250	110	10	03	1
026	00002858	0	137	250	110	10	03	1
027	00002859	0	137	250	110	10	03	1
028	00002860	0	138	250	110	10	03	1
029	00002861	0	138	250	110	10	03	1
030	00002862	0	138	250	110	10	03	1
031	00002863	0	139	250	110	10	03	1
032	00002864	0	139	250	110	10	03	1
033	00002865	0	139	250	110	10	03	1
034	00002866	0	140	250	110	10	03	1
035	00002867	0	140	250	110	10	03	1
036	00002868	0	140	250	110	10	03	1
037	00002869	0	141	250	110	10	03	1
038	00002870	0	141	250	110	10	03	1
039	00002871	0	141	250	110	10	03	1
040	00002872	0	142	250	110	10	03	1
041	00002873	0	142	250	110	10	03	1
042	00002874	0	142	250	110	10	03	1
043	00002875	0	143	250	110	10	03	1
044	00002876	0	143	250	110	10	03	1
045	00002877	0	143	250	110	10	03	1
046	00002878	0	144	250	110	10	03	1
047	00002879	0	144	250	110	10	03	1
048	00002880	0	144	250	110	10	03	1
049	00002815	0	145	250	110	10	03	1
050	00002816	0	145	250	110	10	03	1
051	00002817	0	145	250	110	10	03	1
052	00002818	0	146	250	110	10	03	1
053	00002819	0	146	250	110	10	03	1
054	00002820	0	146	250	110	10	03	1
055	00002821	0	147	250	110	10	03	1
056	00002822	0	147	250	110	10	03	1
057	00002823	0	147	250	110	10	03	1
058	00002824	0	148	250	110	10	03	1
059	00002825	0	148	250	110	10	03	1
060	00002826	0	148	250	110	10	03	1
061	00002827	0	149	250	110	10	03	1
062	00002828	0	149	250	110	10	03	1
063	00002829	0	149	250	110	10	03	1
064	00002830	0	150	250	110	10	03	1
065	00002831	0	150	250	110	10	03	1
066	00002832	0	150	250	110	10	03	1
067	00050000	0	151	250	110	10	03	99
068	00050001	0	152	250	110	10	03	99

								
								
								
								
LGM								
129	00001369	0
130	00001370	0
131	00001371	0
132	00001372	0
133	00001373	0
134	00001374	0
135	00001375	0
136	00001376	0
137	00001377	0
138	00001378	0
139	00001379	0
140	00001380	0
141	00001381	0
142	00001382	0
143	00001383	0
144	00001384	0
145	00001363	0
146	00001364	0
147	00001365	0
148	00001366	0
149	00001367	0
150	00001368	0
151	00070000	0
152	00070001	0
					
								
								
								
								
SCM								
007								
USM								
001	00002881	0	129	250	110	10	03	1
002	00002882	0	129	250	110	10	03	1
003	00002883	0	129	250	110	10	03	1
004	00002884	0	129	250	110	10	03	1
005	00002885	0	130	250	110	10	03	1
006	00002886	0	130	250	110	10	03	1
007	00002887	0	130	250	110	10	03	1
008	00002888	0	131	250	110	10	03	1
009	00002889	0	131	250	110	10	03	1
010	00002890	0	131	250	110	10	03	1
011	00002891	0	132	250	110	10	03	1
012	00002892	0	132	250	110	10	03	1
013	00002893	0	132	250	110	10	03	1
014	00002894	0	132	250	110	10	03	1
015	00002895	0	133	250	110	10	03	1
016	00002896	0	133	250	110	10	03	1
017	00002897	0	133	250	110	10	03	1
018	00002898	0	134	250	110	10	03	1
019	00002899	0	134	250	110	10	03	1
020	00002900	0	134	250	110	10	03	1
021	00002901	0	135	250	110	10	03	1
022	00002902	0	135	250	110	10	03	1
023	00002903	0	135	250	110	10	03	1
024	00002904	0	136	250	110	10	03	1
025	00002905	0	136	250	110	10	03	1
026	00002906	0	136	250	110	10	03	1
027	00002907	0	137	250	110	10	03	1
028	00002908	0	137	250	110	10	03	1
029	00002909	0	137	250	110	10	03	1
030	00002910	0	137	250	110	10	03	1
031	00002911	0	138	250	110	10	03	1
032	00002912	0	138	250	110	10	03	1
033	00002913	0	138	250	110	10	03	1
034	00002914	0	139	250	110	10	03	1
035	00002915	0	139	250	110	10	03	1
036	00002916	0	139	250	110	10	03	1
037	00002917	0	140	250	110	10	03	1
038	00002918	0	140	250	110	10	03	1
039	00002919	0	140	250	110	10	03	1
040	00002920	0	141	250	110	10	03	1
041	00002921	0	141	250	110	10	03	1
042	00002922	0	141	250	110	10	03	1
043	00002923	0	142	250	110	10	03	1
044	00002924	0	142	250	110	10	03	1
045	00002925	0	142	250	110	10	03	1
046	00002727	0	143	250	110	10	03	1
047	00002728	0	143	250	110	10	03	1
048	00002729	0	143	250	110	10	03	1
049	00002730	0	144	250	110	10	03	1
050	00002731	0	144	250	110	10	03	1
051	00002732	0	144	250	110	10	03	1
052	00002733	0	145	250	110	10	03	1
053	00002734	0	145	250	110	10	03	1
054	00002940	0	146	250	110	10	03	1
055	00002941	0	146	250	110	10	03	1
056	00002942	0	146	250	110	10	03	1
057	00002943	0	147	250	110	10	03	1
058	00002944	0	147	250	110	10	03	1
059	00002945	0	147	250	110	10	03	1
060	00002946	0	148	250	110	10	03	1
061	00002947	0	148	250	110	10	03	1
062	00002948	0	148	250	110	10	03	1
063	00002949	0	149	250	110	10	03	1
064	00002950	0	149	250	110	10	03	1
065	00002951	0	149	250	110	10	03	1
066	00050000	0	150	250	110	10	03	99

								
								
								
LGM								
129	00001385	0
130	00001386	0
131	00001387	0
132	00001388	0
133	00001389	0
134	00001390	0
135	00001391	0
136	00001392	0
137	00001393	0
138	00001394	0
139	00001395	0
140	00001396	0
141	00001397	0
142	00001398	0
143	00001333	0
144	00001334	0
145	00001335	0
146	00001404	0
147	00001405	0
148	00001406	0
149	00001407	0
150	00070000	0
					
								
								
								
								
SCM								
008								
USM								
001	00002952	0	129	250	110	10	03	1
002	00002953	0	129	250	110	10	03	1
003	00002954	0	129	250	110	10	03	1
004	00002955	0	130	250	110	10	03	1
005	00002956	0	130	250	110	10	03	1
006	00002957	0	130	250	110	10	03	1
007	00002958	0	131	250	110	10	03	1
008	00002959	0	131	250	110	10	03	1
009	00002960	0	131	250	110	10	03	1
010	00002961	0	132	250	110	10	03	1
011	00002962	0	132	250	110	10	03	1
012	00002963	0	132	250	110	10	03	1
013	00002964	0	133	250	110	10	03	1
014	00002965	0	133	250	110	10	03	1
015	00002966	0	133	250	110	10	03	1
016	00002967	0	133	250	110	10	03	1
017	00002968	0	134	250	110	10	03	1
018	00002969	0	134	250	110	10	03	1
019	00002970	0	134	250	110	10	03	1
020	00002971	0	135	250	110	10	03	1
021	00002972	0	135	250	110	10	03	1
022	00002973	0	135	250	110	10	03	1
023	00002974	0	136	250	110	10	03	1
024	00002975	0	136	250	110	10	03	1
025	00002976	0	136	250	110	10	03	1
026	00002977	0	137	250	110	10	03	1
027	00002978	0	137	250	110	10	03	1
028	00002979	0	137	250	110	10	03	1
029	00002980	0	138	250	110	10	03	1
030	00002981	0	138	250	110	10	03	1
031	00002982	0	138	250	110	10	03	1
032	00002983	0	139	250	110	10	03	1
033	00002984	0	139	250	110	10	03	1
034	00002985	0	139	250	110	10	03	1
035	00050000	0	140	250	110	10	03	99
036	00050001	0	140	250	110	10	03	99

								
								
								
								
LGM								
129	00001408	0
130	00001409	0
131	00001410	0
132	00001411	0
133	00001412	0
134	00001413	0
135	00001414	0
136	00001415	0
137	00001416	0
138	00001417	0
139	00001418	0
140	00070000	0
						
								
								
								
								
SCM								
009								
USM								
001	00002765	0	129	250	110	10	03	1
002	00002766	0	129	250	110	10	03	1
003	00002767	0	129	250	110	10	03	1
004	00002768	0	130	250	110	10	03	1
005	00002769	0	130	250	110	10	03	1
006	00002770	0	130	250	110	10	03	1
007	00002771	0	131	250	110	10	03	1
008	00002772	0	131	250	110	10	03	1
009	00002773	0	131	250	110	10	03	1
010	00002774	0	132	250	110	10	03	1
011	00002775	0	132	250	110	10	03	1
012	00002776	0	132	250	110	10	03	1
013	00002777	0	133	250	110	10	03	1
014	00002778	0	133	250	110	10	03	1
015	00002779	0	133	250	110	10	03	1
016	00002780	0	134	250	110	10	03	1
017	00002781	0	134	250	110	10	03	1
018	00002782	0	134	250	110	10	03	1
019	00002783	0	135	250	110	10	03	1
020	00002784	0	135	250	110	10	03	1
021	00002785	0	135	250	110	10	03	1
022	00002786	0	136	250	110	10	03	1
023	00002787	0	136	250	110	10	03	1
024	00002788	0	136	250	110	10	03	1
025	00002789	0	137	250	110	10	03	1
026	00002790	0	137	250	110	10	03	1
027	00002791	0	137	250	110	10	03	1
028	00002792	0	138	250	110	10	03	1
029	00002793	0	138	250	110	10	03	1
030	00002794	0	139	250	110	10	03	1
031	00002795	0	139	250	110	10	03	1
032	00002796	0	139	250	110	10	03	1
033	00002797	0	140	250	110	10	03	1
034	00002798	0	140	250	110	10	03	1
035	00002799	0	140	250	110	10	03	1
036	00002800	0	141	250	110	10	03	1
037	00002801	0	141	250	110	10	03	1
038	00002802	0	141	250	110	10	03	1
039	00002803	0	142	250	110	10	03	1
040	00002804	0	142	250	110	10	03	1
041	00002805	0	143	250	110	10	03	1
042	00002806	0	143	250	110	10	03	1
043	00002807	0	143	250	110	10	03	1
044	00002808	0	144	250	110	10	03	1
045	00002809	0	144	250	110	10	03	1
046	00002810	0	144	250	110	10	03	1
047	00002811	0	145	250	110	10	03	1
048	00002812	0	145	250	110	10	03	1
049	00002813	0	145	250	110	10	03	1
050	00002814	0	145	250	110	10	03	1
051	00002659	0	146	250	110	10	03	1
052	00002660	0	146	250	110	10	03	1
053	00002661	0	147	250	110	10	03	1
054	00002662	0	147	250	110	10	03	1
055	00002663	0	147	250	110	10	03	1
056	00002664	0	147	250	110	10	03	1
057	00002629	0	148	220	110	10	03	1
058	00002630	0	148	220	110	10	03	1
059	00050000	0	149	250	110	10	03	99
060	00050001	0	150	250	110	10	03	99

								
								
								
								
LGM								
129	00001346	0
130	00001347	0
131	00001348	0
132	00001349	0
133	00001350	0
134	00001351	0
135	00001352	0
136	00001353	0
137	00001354	0
138	00001355	0
139	00001356	0
140	00001357	0
141	00001358	0
142	00001359	0
143	00001360	0
144	00001361	0
145	00001362	0
146	00001309	0
147	00001310	0
148	00001298	0
149	00070000	0
150	00070001	0
						
								
								
								
								
SCM								
010								
USM								
001	00002561	0	129	250	110	10	03	1
002	00002562	0	129	250	110	10	03	1
003	00002563	0	129	250	110	10	03	1
004	00002564	0	130	250	110	10	03	1
005	00002565	0	130	250	110	10	03	1
006	00002566	0	131	250	110	10	03	1
007	00002567	0	131	250	110	10	03	1
008	00002568	0	131	250	110	10	03	1
009	00002569	0	132	250	110	10	03	1
010	00002570	0	132	250	110	10	03	1
011	00002571	0	132	250	110	10	03	1
012	00002572	0	133	250	110	10	03	1
013	00002573	0	133	250	110	10	03	1
014	00002574	0	133	250	110	10	03	1
015	00002575	0	134	250	110	10	03	1
016	00002576	0	134	250	110	10	03	1
017	00002577	0	134	250	110	10	03	1
018	00002578	0	135	250	110	10	03	1
019	00002579	0	135	250	110	10	03	1
020	00002580	0	135	250	110	10	03	1
021	00002581	0	136	250	110	10	03	1
022	00002582	0	136	250	110	10	03	1
023	00002583	0	136	250	110	10	03	1
024	00002584	0	136	250	110	10	03	1
025	00002585	0	137	250	110	10	03	1
026	00002586	0	137	250	110	10	03	1
027	00002587	0	137	250	110	10	03	1
028	00002588	0	138	250	110	10	03	1
029	00002589	0	138	250	110	10	03	1
030	00002590	0	138	250	110	10	03	1
031	00002591	0	139	250	110	10	03	1
032	00002592	0	139	250	110	10	03	1
033	00002593	0	139	250	110	10	03	1
034	00002594	0	140	250	110	10	03	1
035	00002595	0	140	250	110	10	03	1
036	00002596	0	140	250	110	10	03	1
037	00002597	0	141	250	110	10	03	1
038	00002598	0	141	250	110	10	03	1
039	00002599	0	142	250	110	10	03	1
040	00002600	0	142	250	110	10	03	1
041	00002601	0	142	250	110	10	03	1
042	00002602	0	143	250	110	10	03	1
043	00002603	0	143	250	110	10	03	1
044	00002604	0	143	250	110	10	03	1
045	00002605	0	144	250	110	10	03	1
046	00002606	0	144	250	110	10	03	1
047	00002607	0	144	250	110	10	03	1
048	00002608	0	145	250	110	10	03	1
049	00002609	0	145	250	110	10	03	1
050	00002610	0	145	250	110	10	03	1
051	00002611	0	146	250	110	10	03	1
052	00002612	0	146	250	110	10	03	1
053	00002613	0	146	250	110	10	03	1
054	00002614	0	147	250	110	10	03	1
055	00002615	0	147	250	110	10	03	1
056	00002616	0	147	250	110	10	03	1
057	00002617	0	148	250	110	10	03	1
058	00002618	0	148	250	110	10	03	1
059	00002619	0	148	250	110	10	03	1
060	00002620	0	149	250	110	10	03	1
061	00002621	0	149	250	110	10	03	1
062	00002622	0	149	250	110	10	03	1
063	00002623	0	150	250	110	10	03	1
064	00002624	0	150	250	110	10	03	1
065	00002625	0	150	250	110	10	03	1
066	00002626	0	150	250	110	10	03	1
067	00002627	0	151	250	110	10	03	1
068	00002628	0	151	250	110	10	03	1
069	00050000	0	152	250	110	10	03	99
070	00050001	0	152	250	110	10	03	99

								
								
								
								
LGM								
129	00001275	0
130	00001276	0
131	00001277	0
132	00001278	0
133	00001279	0
134	00001280	0
135	00001281	0
136	00001282	0
137	00001283	0
138	00001284	0
139	00001285	0
140	00001286	0
141	00001287	0
142	00001288	0
143	00001289	0
144	00001290	0
145	00001291	0
146	00001292	0
147	00001293	0
148	00001294	0
149	00001295	0
150	00001296	0
151	00001297	0
152	00070000	0
					
								
								
								
								
SCM								
011								
USM								
001	00002305	0	129	250	110	10	03	1
002	00002306	0	129	250	110	10	03	1
003	00002307	0	129	250	110	10	03	1
004	00002308	0	130	250	110	10	03	1
005	00002309	0	130	250	110	10	03	1
006	00002310	0	130	250	110	10	03	1
007	00002311	0	131	250	110	10	03	1
008	00002312	0	131	250	110	10	03	1
009	00002313	0	131	250	110	10	03	1
010	00002314	0	132	250	110	10	03	1
011	00002315	0	132	250	110	10	03	1
012	00002316	0	132	250	110	10	03	1
013	00002317	0	133	250	110	10	03	1
014	00002318	0	133	250	110	10	03	1
015	00002319	0	133	250	110	10	03	1
016	00002320	0	134	250	110	10	03	1
017	00002321	0	134	250	110	10	03	1
018	00002322	0	134	250	110	10	03	1
019	00002333	0	135	250	110	10	03	1
020	00002334	0	135	250	110	10	03	1
021	00002335	0	135	250	110	10	03	1
022	00002336	0	136	250	110	10	03	1
023	00002337	0	136	250	110	10	03	1
024	00002338	0	136	250	110	10	03	1
025	00002339	0	137	250	110	10	03	1
026	00002340	0	137	250	110	10	03	1
027	00002341	0	137	250	110	10	03	1
028	00002342	0	138	250	110	10	03	1
029	00002343	0	138	250	110	10	03	1
030	00002344	0	138	250	110	10	03	1
031	00050000	0	139	250	110	10	03	99
032	00050001	0	140	250	110	10	03	99

								
								
								
								
LGM								
129	00001187	0
130	00001188	0
131	00001189	0
132	00001190	0
133	00001191	0
134	00001192	0
135	00001197	0
136	00001198	0
137	00001199	0
138	00001200	0
139	00070000	0
140	00070001	0
						
								
								
								
								
SCM								
012								
USM								
001	00002631	0	129	250	110	10	03	1
002	00002632	0	129	250	110	10	03	1
003	00002633	0	130	250	110	10	03	1
004	00002634	0	130	250	110	10	03	1
005	00002635	0	130	250	110	10	03	1
006	00002636	0	131	250	110	10	03	1
007	00002637	0	131	250	110	10	03	1
008	00002638	0	131	250	110	10	03	1
009	00002639	0	132	250	110	10	03	1
010	00002640	0	132	250	110	10	03	1
011	00002641	0	132	250	110	10	03	1
012	00002642	0	133	250	110	10	03	1
013	00002643	0	133	250	110	10	03	1
014	00002644	0	133	250	110	10	03	1
015	00002713	0	134	250	110	10	03	1
016	00002714	0	134	250	110	10	03	1
017	00002715	0	134	250	110	10	03	1
018	00002716	0	135	250	110	10	03	1
019	00002717	0	135	250	110	10	03	1
020	00002718	0	135	250	110	10	03	1
021	00002719	0	136	250	110	10	03	1
022	00002720	0	136	250	110	10	03	1
023	00002721	0	136	250	110	10	03	1
024	00002722	0	137	250	110	10	03	1
025	00002723	0	137	250	110	10	03	1
026	00002724	0	137	250	110	10	03	1
027	00002725	0	138	250	110	10	03	1
028	00002726	0	138	250	110	10	03	1
037	00002735	0	139	250	110	10	03	1
038	00002736	0	139	250	110	10	03	1
039	00002737	0	139	250	110	10	03	1
040	00002738	0	139	250	110	10	03	1
041	00002739	0	140	250	110	10	03	1
042	00002740	0	140	250	110	10	03	1
043	00002741	0	140	250	110	10	03	1
044	00002742	0	141	250	110	10	03	1
045	00002743	0	141	250	110	10	03	1
046	00002744	0	141	250	110	10	03	1
047	00002745	0	142	250	110	10	03	1
048	00002746	0	142	250	110	10	03	1
049	00002747	0	142	250	110	10	03	1
050	00002748	0	143	250	110	10	03	1
051	00002749	0	143	250	110	10	03	1
052	00002750	0	143	250	110	10	03	1
053	00002751	0	144	250	110	10	03	1
054	00002752	0	144	250	110	10	03	1
055	00002753	0	144	250	110	10	03	1
056	00002754	0	145	250	110	10	03	1
057	00002755	0	145	250	110	10	03	1
058	00002756	0	145	250	110	10	03	1
059	00050000	0	146	250	110	10	03	99
060	00050001	0	146	250	110	10	03	99

								
								
								
								
								
LGM								
129	00001299	0
130	00001300	0
131	00001301	0
132	00001302	0
133	00001303	0
134	00001328	0
135	00001329	0
136	00001330	0
137	00001331	0
138	00001332	0
139	00001336	0
140	00001337	0
141	00001338	0
142	00001339	0
143	00001340	0
144	00001341	0
145	00001342	0
146	00070000	0
					
								
								
SCM								
013								
USM								
001	00002645	0	129	250	110	10	03	1
002	00002646	0	129	250	110	10	03	1
003	00002647	0	129	250	110	10	03	1
004	00002648	0	130	250	110	10	03	1
005	00002649	0	130	250	110	10	03	1
006	00002650	0	130	250	110	10	03	1
007	00002651	0	131	250	110	10	03	1
008	00002652	0	131	250	110	10	03	1
009	00002653	0	131	250	110	10	03	1
010	00002654	0	132	250	110	10	03	1
011	00002655	0	132	250	110	10	03	1
012	00002656	0	132	250	110	10	03	1
013	00002657	0	133	250	110	10	03	1
014	00002658	0	133	250	110	10	03	1
015	00002665	0	134	250	110	10	03	1
016	00002666	0	134	250	110	10	03	1
017	00002667	0	134	250	110	10	03	1
018	00002668	0	134	250	110	10	03	1
019	00002669	0	135	250	110	10	03	1
020	00002670	0	135	250	110	10	03	1
021	00002671	0	136	250	110	10	03	1
022	00002672	0	136	250	110	10	03	1
023	00002673	0	137	250	110	10	03	1
024	00002674	0	137	250	110	10	03	1
025	00002675	0	137	250	110	10	03	1
026	00002676	0	138	250	110	10	03	1
027	00002677	0	138	250	110	10	03	1
028	00002678	0	138	250	110	10	03	1
029	00002679	0	139	250	110	10	03	1
030	00002680	0	139	250	110	10	03	1
031	00002681	0	139	250	110	10	03	1
032	00002682	0	140	250	110	10	03	1
033	00002683	0	140	250	110	10	03	1
034	00002684	0	140	250	110	10	03	1
035	00002685	0	141	250	110	10	03	1
036	00002686	0	141	250	110	10	03	1
037	00002687	0	142	250	110	10	03	1
038	00002688	0	142	250	110	10	03	1
039	00002689	0	142	250	110	10	03	1
040	00002690	0	143	250	110	10	03	1
041	00002691	0	143	250	110	10	03	1
042	00002692	0	143	250	110	10	03	1
043	00002693	0	144	250	110	10	03	1
044	00002694	0	144	250	110	10	03	1
045	00002695	0	144	250	110	10	03	1
046	00002696	0	145	250	110	10	03	1
047	00002697	0	145	250	110	10	03	1
048	00002698	0	145	250	110	10	03	1
049	00002699	0	146	250	110	10	03	1
050	00002700	0	146	250	110	10	03	1
051	00002701	0	146	250	110	10	03	1
052	00002702	0	147	250	110	10	03	1
053	00002703	0	147	250	110	10	03	1
054	00002704	0	147	250	110	10	03	1
055	00002705	0	148	250	110	10	03	1
056	00002706	0	148	250	110	10	03	1
057	00002707	0	148	250	110	10	03	1
058	00002708	0	149	250	110	10	03	1
059	00002709	0	149	250	110	10	03	1
060	00002710	0	149	250	110	10	03	1
061	00002711	0	150	250	110	10	03	1
062	00002712	0	150	250	110	10	03	1
063	00050000	0	151	250	110	10	03	99
064	00050001	0	152	250	110	10	03	99

								
								
								
LGM								
129	00001304	0
130	00001305	0
131	00001306	0
132	00001307	0
133	00001308	0
134	00001311	0
135	00001312	0
136	00001313	0
137	00001314	0
138	00001315	0
139	00001316	0
140	00001317	0
141	00001318	0
142	00001319	0
143	00001320	0
144	00001321	0
145	00001322	0
146	00001323	0
147	00001324	0
148	00001325	0
149	00001326	0
150	00001327	0
151	00070000	0
152	00070001	0

					
								
								
								
								
SCM								
014								
USM								
001	00002128	0	129	250	110	10	03	1
002	00002129	0	129	250	110	10	03	1
003	00002130	0	130	250	110	10	03	1
004	00002131	0	130	250	110	10	03	1
005	00002132	0	131	250	110	10	03	1
006	00002133	0	131	250	110	10	03	1
007	00002134	0	131	250	110	10	03	1
008	00002135	0	132	250	110	10	03	1
009	00002136	0	132	250	110	10	03	1
010	00002137	0	132	250	110	10	03	1
011	00002138	0	133	250	110	10	03	1
012	00002139	0	133	250	110	10	03	1
013	00002140	0	134	250	110	10	03	1
014	00002141	0	134	250	110	10	03	1
015	00002142	0	134	250	110	10	03	1
016	00002143	0	135	250	110	10	03	1
017	00002144	0	135	250	110	10	03	1
018	00002145	0	135	250	110	10	03	1
019	00002146	0	136	250	110	10	03	1
020	00002147	0	136	250	110	10	03	1
021	00002148	0	136	250	110	10	03	1
022	00002149	0	137	250	110	10	03	1
023	00002150	0	137	250	110	10	03	1
024	00002151	0	137	250	110	10	03	1
025	00002152	0	138	250	110	10	03	1
026	00002153	0	138	250	110	10	03	1
027	00002154	0	138	250	110	10	03	1
028	00002155	0	139	250	110	10	03	1
029	00002156	0	139	250	110	10	03	1
030	00002157	0	139	250	110	10	03	1
031	00002158	0	140	250	110	10	03	1
032	00002159	0	140	250	110	10	03	1
033	00002160	0	140	250	110	10	03	1
034	00002161	0	141	250	110	10	03	1
035	00002162	0	141	250	110	10	03	1
036	00002163	0	141	250	110	10	03	1
037	00002164	0	141	250	110	10	03	1
038	00002165	0	142	250	110	10	03	1
039	00002166	0	142	250	110	10	03	1
040	00002167	0	142	250	110	10	03	1
041	00002168	0	143	250	110	10	03	1
042	00002169	0	143	250	110	10	03	1
043	00002170	0	143	250	110	10	03	1
044	00002171	0	144	250	110	10	03	1
045	00002172	0	144	250	110	10	03	1
046	00002173	0	144	250	110	10	03	1
047	00002174	0	145	250	110	10	03	1
048	00002175	0	145	250	110	10	03	1
049	00002176	0	145	250	110	10	03	1
050	00002177	0	146	250	110	10	03	1
051	00002178	0	146	250	110	10	03	1
052	00002179	0	146	250	110	10	03	1
053	00002180	0	147	250	110	10	03	1
054	00002181	0	147	250	110	10	03	1
055	00002182	0	147	250	110	10	03	1
056	00002183	0	148	250	110	10	03	1
057	00002184	0	148	250	110	10	03	1
058	00002185	0	148	250	110	10	03	1
059	00002186	0	149	250	110	10	03	1
060	00002187	0	149	250	110	10	03	1
061	00002188	0	150	250	110	10	03	1
062	00002189	0	150	250	110	10	03	1
063	00002190	0	150	250	110	10	03	1
064	00002191	0	151	250	110	10	03	1
065	00002192	0	151	250	110	10	03	1
066	00002193	0	151	250	110	10	03	1
067	00002194	0	152	250	110	10	03	1
068	00002195	0	152	250	110	10	03	1
069	00002196	0	152	250	110	10	03	1
070	00050000	0	153	220	110	05	10	99
071	00050001	0	154	220	110	05	10	99
072	00050002	0	154	220	110	05	10	99


								
								
								
LGM								
129	00001126	0
130	00001127	0
131	00001128	0
132	00001129	0
133	00001130	0
134	00001131	0
135	00001132	0
136	00001133	0
137	00001134	0
138	00001135	0
139	00001136	0
140	00001137	0
141	00001138	0
142	00001139	0
143	00001140	0
144	00001141	0
145	00001142	0
146	00001143	0
147	00001144	0
148	00001145	0
149	00001146	0
150	00001147	0
151	00001148	0
152	00001149	0
153	00070000	0
154	00070001	0

								
								
								
SCM								
015								
USM								
001	00002197	0	129	250	110	10	03	1
002	00002198	0	129	250	110	10	03	1
003	00002199	0	129	250	110	10	03	1
004	00002200	0	130	250	110	10	03	1
005	00002201	0	130	250	110	10	03	1
006	00002202	0	131	250	110	10	03	1
007	00002203	0	131	250	110	10	03	1
008	00002204	0	131	250	110	10	03	1
009	00002205	0	131	250	110	10	03	1
010	00002206	0	132	250	110	10	03	1
011	00002207	0	132	250	110	10	03	1
012	00002208	0	132	250	110	10	03	1
013	00002209	0	133	250	110	10	03	1
014	00002210	0	133	250	110	10	03	1
015	00002211	0	133	250	110	10	03	1
016	00002212	0	134	250	110	10	03	1
017	00002213	0	134	250	110	10	03	1
018	00002214	0	135	250	110	10	03	1
019	00002215	0	135	250	110	10	03	1
020	00002216	0	135	250	110	10	03	1
021	00002217	0	136	250	110	10	03	1
022	00002218	0	136	250	110	10	03	1
023	00002219	0	137	250	110	10	03	1
024	00002220	0	137	250	110	10	03	1
025	00002221	0	138	250	110	10	03	1
026	00002222	0	138	250	110	10	03	1
027	00002223	0	138	250	110	10	03	1
028	00002224	0	139	250	110	10	03	1
029	00002225	0	139	250	110	10	03	1
030	00002226	0	139	250	110	10	03	1
031	00002227	0	140	250	110	10	03	1
032	00002228	0	140	250	110	10	03	1
033	00002229	0	140	250	110	10	03	1
034	00002230	0	141	250	110	10	03	1
035	00002231	0	141	250	110	10	03	1
036	00002232	0	142	250	110	10	03	1
037	00002233	0	142	250	110	10	03	1
038	00002234	0	142	250	110	10	03	1
039	00002235	0	142	250	110	10	03	1
040	00002236	0	143	250	110	10	03	1
041	00002237	0	143	250	110	10	03	1
042	00002238	0	143	250	110	10	03	1
043	00002239	0	143	250	110	10	03	1
044	00002240	0	144	250	110	10	03	1
045	00002241	0	144	250	110	10	03	1
046	00002242	0	144	250	110	10	03	1
047	00002243	0	145	250	110	10	03	1
048	00002244	0	145	250	110	10	03	1
049	00002245	0	145	250	110	10	03	1
050	00002246	0	145	250	110	10	03	1
051	00050000	0	146	220	110	05	10	99
052	00050001	0	146	220	110	05	10	99



								
								
								
LGM								
129	00001150	0
130	00001151	0
131	00001152	0
132	00001153	0
133	00001154	0
134	00001155	0
135	00001156	0
136	00001157	0
137	00001158	0
138	00001159	0
139	00001160	0
140	00001161	0
141	00001162	0
142	00001163	0
143	00001164	0
144	00001165	0
145	00001166	0
146	00070000	0

