SCM
001
USM
001	00002247	0	129	220	110	05	10	34
002	00002248	0	129	220	110	05	10	34
003	00002249	0	130	220	110	05	10	34
004	00002250	0	130	220	110	05	10	34
005	00002251	0	130	220	110	05	10	34
006	00002252	0	131	220	110	05	10	34
007	00002253	0	131	220	110	05	10	34
008	00002254	0	131	220	110	05	10	34
009	00002255	0	131	220	110	05	10	34
010	00002256	0	132	220	110	05	10	34
011	00002257	0	132	220	110	05	10	34
012	00002258	0	132	220	110	05	10	34
013	00002259	0	133	220	110	05	10	34
014	00002260	0	133	220	110	05	10	34
015	00002261	0	134	220	110	05	10	34
016	00002262	0	134	220	110	05	10	34
017	00002263	0	134	220	110	05	10	34
018	00002264	0	135	220	110	05	10	34
019	00002265	0	135	220	110	05	10	34
020	00002266	0	135	220	110	05	10	34
021	00002267	0	136	220	110	05	10	34
022	00002268	0	136	220	110	05	10	34
023	00002269	0	136	220	110	05	10	34
024	00002270	0	137	220	110	05	10	34
025	00002271	0	137	220	110	05	10	34
026	00002272	0	138	220	110	05	10	34
027	00002273	0	138	220	110	05	10	34
028	00002274	0	139	220	110	05	10	34
029	00002275	0	139	220	110	05	10	34
030	00002276	0	139	220	110	05	10	34
031	00002277	0	139	220	110	05	10	34
032	00002278	0	140	220	110	05	10	34
033	00002279	0	140	220	110	05	10	34
034	00002280	0	140	220	110	05	10	34
035	00002281	0	141	220	110	05	10	34
036	00002282	0	141	220	110	05	10	34
037	00002283	0	141	220	110	05	10	34
038	00002284	0	142	220	110	05	10	34
039	00002285	0	142	220	110	05	10	34
040	00002286	0	142	220	110	05	10	34
041	00002287	0	143	220	110	05	10	34
042	00002288	0	143	220	110	05	10	34
043	00002289	0	143	220	110	05	10	34
044	00002290	0	144	220	110	05	10	34
045	00002291	0	144	220	110	05	10	34
046	00002292	0	144	220	110	05	10	34
047	00002293	0	145	220	110	05	10	34
048	00002294	0	145	220	110	05	10	34
049	00002295	0	145	220	110	05	10	34
050	00002296	0	146	220	110	05	10	34
051	00002297	0	146	220	110	05	10	34
052	00002298	0	146	220	110	05	10	34
053	00002299	0	147	220	110	05	10	34
054	00002300	0	147	220	110	05	10	34
055	00002301	0	147	220	110	05	10	34
056	00002302	0	148	220	110	05	10	34
057	00002303	0	148	220	110	05	10	34
058	00002304	0	148	220	110	05	10	34
059	00050000	0	149	220	110	05	10	99
060	00050001	0	150	220	110	05	10	99




LGM
129	00001167	0
130	00001168	0
131	00001169	0
132	00001170	0
133	00001171	0
134	00001172	0
135	00001173	0
136	00001174	0
137	00001175	0
138	00001176	0
139	00001177	0
140	00001178	0
141	00001179	0
142	00001180	0
143	00001181	0
144	00001182	0
145	00001183	0
146	00001184	0
147	00001185	0
148	00001186	0
149	00070000	0
150	00070001	0


       
        
SCM     
002     
USM     
001	00002305	0	129	220	110	05	10	35
002	00002306	0	129	220	110	05	10	35
003	00002307	0	129	220	110	05	10	35
004	00002308	0	130	220	110	05	10	35
005	00002309	0	130	220	110	05	10	35
006	00002310	0	130	220	110	05	10	35
007	00002311	0	131	220	110	05	10	35
008	00002312	0	131	220	110	05	10	35
009	00002313	0	131	220	110	05	10	35
010	00002314	0	132	220	110	05	10	35
011	00002315	0	132	220	110	05	10	35
012	00002316	0	132	220	110	05	10	35
013	00002317	0	133	220	110	05	10	35
014	00002318	0	133	220	110	05	10	35
015	00002319	0	133	220	110	05	10	35
016	00002320	0	134	220	110	05	10	35
017	00002321	0	134	220	110	05	10	35
018	00002322	0	134	220	110	05	10	35
019	00002323	0	135	220	110	05	10	35
020	00002324	0	135	220	110	05	10	35
021	00002325	0	135	220	110	05	10	35
022	00002326	0	136	220	110	05	10	35
023	00002327	0	136	220	110	05	10	35
024	00002328	0	137	220	110	05	10	35
025	00002329	0	137	220	110	05	10	35
026	00002330	0	138	220	110	05	10	35
027	00002331	0	138	220	110	05	10	35
028	00002332	0	138	220	110	05	10	35
029	00002333	0	139	220	110	05	10	35
030	00002334	0	139	220	110	05	10	35
031	00002335	0	139	220	110	05	10	35
032	00002336	0	140	220	110	05	10	35
033	00002337	0	140	220	110	05	10	35
034	00002338	0	140	220	110	05	10	35
035	00002339	0	141	220	110	05	10	35
036	00002340	0	141	220	110	05	10	35
037	00002341	0	141	220	110	05	10	35
038	00002342	0	142	220	110	05	10	35
039	00002343	0	142	220	110	05	10	35
040	00002344	0	142	220	110	05	10	35
041	00002345	0	143	220	110	05	10	35
042	00002346	0	143	220	110	05	10	35
043	00002347	0	143	220	110	05	10	35
044	00002348	0	144	220	110	05	10	35
045	00002349	0	144	220	110	05	10	35
046	00002350	0	144	220	110	05	10	35
047	00002351	0	145	220	110	05	10	35
048	00002352	0	145	220	110	05	10	35
049	00002353	0	145	220	110	05	10	35
050	00002354	0	146	220	110	05	10	35
051	00002355	0	146	220	110	05	10	35
052	00002356	0	146	220	110	05	10	35
053	00002357	0	147	220	110	05	10	35
054	00002358	0	147	220	110	05	10	35
055	00002359	0	147	220	110	05	10	35
056	00050000	0	148	220	110	05	10	99




LGM
129	00001187	0
130	00001188	0
131	00001189	0
132	00001190	0
133	00001191	0
134	00001192	0
135	00001193	0
136	00001194	0
137	00001195	0
138	00001196	0
139	00001197	0
140	00001198	0
141	00001199	0
142	00001200	0
143	00001201	0
144	00001202	0
145	00001203	0
146	00001204	0
147	00001205	0
148	00070000	0




SCM
003
USM
001	00002360	0	129	220	110	05	10	36
002	00002361	0	129	220	110	05	10	36
003	00002362	0	129	220	110	05	10	36
004	00002363	0	130	220	110	05	10	36
005	00002364	0	130	220	110	05	10	36
006	00002365	0	130	220	110	05	10	36
007	00002366	0	131	220	110	05	10	36
008	00002367	0	131	220	110	05	10	36
009	00002368	0	131	220	110	05	10	36
010	00002369	0	132	220	110	05	10	36
011	00002370	0	132	220	110	05	10	36
012	00002371	0	132	220	110	05	10	36
013	00002372	0	133	220	110	05	10	36
014	00002373	0	133	220	110	05	10	36
015	00002374	0	133	220	110	05	10	36
016	00002375	0	134	220	110	05	10	36
017	00002376	0	134	220	110	05	10	36
018	00002377	0	134	220	110	05	10	36
019	00002378	0	135	220	110	05	10	36
020	00002379	0	135	220	110	05	10	36
021	00002380	0	135	220	110	05	10	36
022	00002381	0	136	220	110	05	10	36
023	00002382	0	136	220	110	05	10	36
024	00002383	0	136	220	110	05	10	36
025	00002384	0	137	220	110	05	10	36
026	00002385	0	137	220	110	05	10	36
027	00002386	0	138	220	110	05	10	36
028	00002387	0	138	220	110	05	10	36
029	00002388	0	139	220	110	05	10	36
030	00002389	0	139	220	110	05	10	36
031	00002390	0	139	220	110	05	10	36
032	00002391	0	140	220	110	05	10	36
033	00002392	0	140	220	110	05	10	36
034	00002393	0	140	220	110	05	10	36
035	00002394	0	141	220	110	05	10	36
036	00002395	0	141	220	110	05	10	36
037	00002396	0	141	220	110	05	10	36
038	00002397	0	142	220	110	05	10	36
039	00002398	0	142	220	110	05	10	36
040	00002399	0	142	220	110	05	10	36
041	00002400	0	143	220	110	05	10	36
042	00002401	0	143	220	110	05	10	36
043	00002402	0	143	220	110	05	10	36
044	00002403	0	144	220	110	05	10	36
045	00002404	0	144	220	110	05	10	36
046	00002405	0	144	220	110	05	10	36
047	00002406	0	145	220	110	05	10	36
048	00002407	0	145	220	110	05	10	36
049	00002408	0	145	220	110	05	10	36
050	00002409	0	146	220	110	05	10	36
051	00002410	0	146	220	110	05	10	36
052	00002411	0	146	220	110	05	10	36
053	00002412	0	147	220	110	05	10	36
054	00002413	0	147	220	110	05	10	36
055	00002414	0	147	220	110	05	10	36
056	00002415	0	148	220	110	05	10	36
057	00002416	0	148	220	110	05	10	36
058	00002417	0	148	220	110	05	10	36
059	00002418	0	149	220	110	05	10	36
060	00002419	0	149	220	110	05	10	36
061	00002420	0	149	220	110	05	10	36
062	00002421	0	149	220	110	05	10	36
063	00002422	0	150	220	110	05	10	36
064	00002423	0	150	220	110	05	10	36
065	00002424	0	150	220	110	05	10	36
066	00002425	0	151	220	110	05	10	36
067	00002426	0	151	220	110	05	10	36
068	00002427	0	151	220	110	05	10	36
069	00050000	0	152	220	110	05	10	99
070	00050001	0	152	220	110	05	10	99




LGM
129	00001206	0
130	00001207	0
131	00001208	0
132	00001209	0
133	00001210	0
134	00001211	0
135	00001212	0
136	00001213	0
137	00001214	0
138	00001215	0
139	00001216	0
140	00001217	0
141	00001218	0
142	00001219	0
143	00001220	0
144	00001221	0
145	00001222	0
146	00001223	0
147	00001224	0
148	00001225	0
149	00001226	0
150	00001227	0
151	00001228	0
152	00070000	0




SCM
004
USM
001	00002428	0	129	220	110	05	10	37
002	00002429	0	129	220	110	05	10	37
003	00002430	0	129	220	110	05	10	37
004	00002431	0	130	220	110	05	10	37
005	00002432	0	130	220	110	05	10	37
006	00002433	0	130	220	110	05	10	37
007	00002434	0	131	220	110	05	10	37
008	00002435	0	131	220	110	05	10	37
009	00002436	0	131	220	110	05	10	37
010	00002437	0	132	220	110	05	10	37
011	00002438	0	132	220	110	05	10	37
012	00002439	0	132	220	110	05	10	37
013	00002440	0	133	220	110	05	10	37
014	00002441	0	133	220	110	05	10	37
015	00002442	0	133	220	110	05	10	37
016	00002443	0	134	220	110	05	10	37
017	00002444	0	134	220	110	05	10	37
018	00002445	0	134	220	110	05	10	37
019	00002446	0	135	220	110	05	10	37
020	00002447	0	135	220	110	05	10	37
021	00002448	0	135	220	110	05	10	37
022	00002449	0	136	220	110	05	10	37
023	00002450	0	136	220	110	05	10	37
024	00002451	0	136	220	110	05	10	37
025	00002452	0	137	220	110	05	10	37
026	00002453	0	137	220	110	05	10	37
027	00002454	0	137	220	110	05	10	37
028	00002455	0	138	220	110	05	10	37
029	00002456	0	138	220	110	05	10	37
030	00002457	0	138	220	110	05	10	37
031	00002458	0	139	220	110	05	10	37
032	00002459	0	139	220	110	05	10	37
033	00002460	0	139	220	110	05	10	37
034	00002461	0	140	220	110	05	10	37
035	00002462	0	140	220	110	05	10	37
036	00002463	0	140	220	110	05	10	37
037	00002464	0	141	220	110	05	10	37
038	00002465	0	141	220	110	05	10	37
039	00002466	0	141	220	110	05	10	37
040	00002467	0	142	220	110	05	10	37
041	00002468	0	142	220	110	05	10	37
042	00002469	0	142	220	110	05	10	37
043	00002470	0	143	220	110	05	10	37
044	00002471	0	143	220	110	05	10	37
045	00002472	0	143	220	110	05	10	37
046	00002473	0	144	220	110	05	10	37
047	00002474	0	144	220	110	05	10	37
048	00002475	0	144	220	110	05	10	37
049	00002476	0	145	220	110	05	10	37
050	00002477	0	145	220	110	05	10	37
051	00002478	0	146	220	110	05	10	37
052	00002479	0	146	220	110	05	10	37
053	00002480	0	146	220	110	05	10	37
054	00002481	0	147	220	110	05	10	37
055	00002482	0	147	220	110	05	10	37
056	00002483	0	147	220	110	05	10	37
057	00002484	0	148	220	110	05	10	37
058	00002485	0	148	220	110	05	10	37
059	00002486	0	148	220	110	05	10	37
060	00002487	0	149	220	110	05	10	37
061	00002488	0	149	220	110	05	10	37
062	00002489	0	149	220	110	05	10	37
063	00002490	0	149	220	110	05	10	37
064	00002491	0	150	220	110	05	10	37
065	00002492	0	150	220	110	05	10	37
066	00002493	0	150	220	110	05	10	37
067	00002494	0	151	220	110	05	10	37
068	00002495	0	151	220	110	05	10	37
069	00050000	0	152	220	110	05	10	99
070	00050001	0	152	220	110	05	10	99




LGM
129	00001229	0
130	00001230	0
131	00001231	0
132	00001232	0
133	00001233	0
134	00001234	0
135	00001235	0
136	00001236	0
137	00001237	0
138	00001238	0
139	00001239	0
140	00001240	0
141	00001241	0
142	00001242	0
143	00001243	0
144	00001244	0
145	00001245	0
146	00001246	0
147	00001247	0
148	00001248	0
149	00001249	0
150	00001250	0
151	00001251	0
152	00070000	0




SCM
005
USM
001	00002496	0	129	220	110	05	10	38
002	00002497	0	129	220	110	05	10	38
003	00002498	0	130	220	110	05	10	38
004	00002499	0	130	220	110	05	10	38
005	00002500	0	131	220	110	05	10	38
006	00002501	0	131	220	110	05	10	38
007	00002502	0	131	220	110	05	10	38
008	00002503	0	131	220	110	05	10	38
009	00002504	0	132	220	110	05	10	38
010	00002505	0	132	220	110	05	10	38
011	00002506	0	132	220	110	05	10	38
012	00002507	0	133	220	110	05	10	38
013	00002508	0	133	220	110	05	10	38
014	00002509	0	133	220	110	05	10	38
015	00002510	0	134	220	110	05	10	38
016	00002511	0	134	220	110	05	10	38
017	00002512	0	134	220	110	05	10	38
018	00002513	0	135	220	110	05	10	38
019	00002514	0	135	220	110	05	10	38
020	00002515	0	135	220	110	05	10	38
021	00002516	0	136	220	110	05	10	38
022	00002517	0	136	220	110	05	10	38
023	00002518	0	137	220	110	05	10	38
024	00002519	0	137	220	110	05	10	38
025	00002520	0	137	220	110	05	10	38
026	00002521	0	138	220	110	05	10	38
027	00002522	0	138	220	110	05	10	38
028	00002523	0	138	220	110	05	10	38
029	00002524	0	139	220	110	05	10	38
030	00002525	0	139	220	110	05	10	38
031	00002526	0	139	220	110	05	10	38
032	00002527	0	140	220	110	05	10	38
033	00002528	0	140	220	110	05	10	38
034	00002529	0	140	220	110	05	10	38
035	00002530	0	140	220	110	05	10	38
036	00002531	0	141	220	110	05	10	38
037	00002532	0	141	220	110	05	10	38
038	00002533	0	142	220	110	05	10	38
039	00002534	0	142	220	110	05	10	38
040	00002535	0	142	220	110	05	10	38
041	00002536	0	143	220	110	05	10	38
042	00002537	0	143	220	110	05	10	38
043	00002538	0	143	220	110	05	10	38
044	00002539	0	144	220	110	05	10	38
045	00002540	0	144	220	110	05	10	38
046	00002541	0	144	220	110	05	10	38
047	00002542	0	145	220	110	05	10	38
048	00002543	0	145	220	110	05	10	38
049	00002544	0	146	220	110	05	10	38
050	00002545	0	146	220	110	05	10	38
051	00002546	0	147	220	110	05	10	38
052	00002547	0	147	220	110	05	10	38
053	00002548	0	147	220	110	05	10	38
054	00002549	0	148	220	110	05	10	38
055	00002550	0	148	220	110	05	10	38
056	00002551	0	148	220	110	05	10	38
057	00002552	0	149	220	110	05	10	38
058	00002553	0	149	220	110	05	10	38
059	00002554	0	149	220	110	05	10	38
060	00002555	0	150	220	110	05	10	38
061	00002556	0	150	220	110	05	10	38
062	00002557	0	150	220	110	05	10	38
063	00002558	0	151	220	110	05	10	38
064	00002559	0	151	220	110	05	10	38
065	00002560	0	151	220	110	05	10	38
066	00050000	0	152	220	110	05	10	99




LGM
129	00001252	0
130	00001253	0
131	00001254	0
132	00001255	0
133	00001256	0
134	00001257	0
135	00001258	0
136	00001259	0
137	00001260	0
138	00001261	0
139	00001262	0
140	00001263	0
141	00001264	0
142	00001265	0
143	00001266	0
144	00001267	0
145	00001268	0
146	00001269	0
147	00001270	0
148	00001271	0
149	00001272	0
150	00001273	0
151	00001274	0
152	00070000	0




SCM
006
USM
001	00002561	0	129	220	110	05	10	39
002	00002562	0	129	220	110	05	10	39
003	00002563	0	129	220	110	05	10	39
004	00002564	0	130	220	110	05	10	39
005	00002565	0	130	220	110	05	10	39
006	00002566	0	131	220	110	05	10	39
007	00002567	0	131	220	110	05	10	39
008	00002568	0	131	220	110	05	10	39
009	00002569	0	132	220	110	05	10	39
010	00002570	0	132	220	110	05	10	39
011	00002571	0	132	220	110	05	10	39
012	00002572	0	133	220	110	05	10	39
013	00002573	0	133	220	110	05	10	39
014	00002574	0	133	220	110	05	10	39
015	00002575	0	134	220	110	05	10	39
016	00002576	0	134	220	110	05	10	39
017	00002577	0	134	220	110	05	10	39
018	00002578	0	135	220	110	05	10	39
019	00002579	0	135	220	110	05	10	39
020	00002580	0	135	220	110	05	10	39
021	00002581	0	136	220	110	05	10	39
022	00002582	0	136	220	110	05	10	39
023	00002583	0	136	220	110	05	10	39
024	00002584	0	136	220	110	05	10	39
025	00002585	0	137	220	110	05	10	39
026	00002586	0	137	220	110	05	10	39
027	00002587	0	137	220	110	05	10	39
028	00002588	0	138	220	110	05	10	39
029	00002589	0	138	220	110	05	10	39
030	00002590	0	138	220	110	05	10	39
031	00002591	0	139	220	110	05	10	39
032	00002592	0	139	220	110	05	10	39
033	00002593	0	139	220	110	05	10	39
034	00002594	0	140	220	110	05	10	39
035	00002595	0	140	220	110	05	10	39
036	00002596	0	140	220	110	05	10	39
037	00002597	0	141	220	110	05	10	39
038	00002598	0	141	220	110	05	10	39
039	00002599	0	142	220	110	05	10	39
040	00002600	0	142	220	110	05	10	39
041	00002601	0	142	220	110	05	10	39
042	00002602	0	143	220	110	05	10	39
043	00002603	0	143	220	110	05	10	39
044	00002604	0	143	220	110	05	10	39
045	00002605	0	144	220	110	05	10	39
046	00002606	0	144	220	110	05	10	39
047	00002607	0	144	220	110	05	10	39
048	00002608	0	145	220	110	05	10	39
049	00002609	0	145	220	110	05	10	39
050	00002610	0	145	220	110	05	10	39
051	00002611	0	146	220	110	05	10	39
052	00002612	0	146	220	110	05	10	39
053	00002613	0	146	220	110	05	10	39
054	00002614	0	147	220	110	05	10	39
055	00002615	0	147	220	110	05	10	39
056	00002616	0	147	220	110	05	10	39
057	00002617	0	148	220	110	05	10	39
058	00002618	0	148	220	110	05	10	39
059	00002619	0	148	220	110	05	10	39
060	00002620	0	149	220	110	05	10	39
061	00002621	0	149	220	110	05	10	39
062	00002622	0	149	220	110	05	10	39
063	00002623	0	150	220	110	05	10	39
064	00002624	0	150	220	110	05	10	39
065	00002625	0	150	220	110	05	10	39
066	00002626	0	150	220	110	05	10	39
067	00002627	0	151	220	110	05	10	39
068	00002628	0	151	220	110	05	10	39
069	00002629	0	152	220	110	05	10	39
070	00002630	0	152	220	110	05	10	39
071	00050000	0	153	220	110	05	10	99
072	00050001	0	154	220	110	05	10	99




LGM
129	00001275	0
130	00001276	0
131	00001277	0
132	00001278	0
133	00001279	0
134	00001280	0
135	00001281	0
136	00001282	0
137	00001283	0
138	00001284	0
139	00001285	0
140	00001286	0
141	00001287	0
142	00001288	0
143	00001289	0
144	00001290	0
145	00001291	0
146	00001292	0
147	00001293	0
148	00001294	0
149	00001295	0
150	00001296	0
151	00001297	0
152	00001298	0
153	00070000	0
154	00070001	0




SCM
007
USM
001	00002631	0	129	220	110	05	10	40
002	00002632	0	129	220	110	05	10	40
003	00002633	0	130	220	110	05	10	40
004	00002634	0	130	220	110	05	10	40
005	00002635	0	130	220	110	05	10	40
006	00002636	0	131	220	110	05	10	40
007	00002637	0	131	220	110	05	10	40
008	00002638	0	131	220	110	05	10	40
009	00002639	0	132	220	110	05	10	40
010	00002640	0	132	220	110	05	10	40
011	00002641	0	132	220	110	05	10	40
012	00002642	0	133	220	110	05	10	40
013	00002643	0	133	220	110	05	10	40
014	00002644	0	133	220	110	05	10	40
015	00002645	0	134	220	110	05	10	40
016	00002646	0	134	220	110	05	10	40
017	00002647	0	134	220	110	05	10	40
018	00002648	0	135	220	110	05	10	40
019	00002649	0	135	220	110	05	10	40
020	00002650	0	135	220	110	05	10	40
021	00002651	0	136	220	110	05	10	40
022	00002652	0	136	220	110	05	10	40
023	00002653	0	136	220	110	05	10	40
024	00002654	0	137	220	110	05	10	40
025	00002655	0	137	220	110	05	10	40
026	00002656	0	137	220	110	05	10	40
027	00002657	0	138	220	110	05	10	40
028	00002658	0	138	220	110	05	10	40
029	00002659	0	139	220	110	05	10	40
030	00002660	0	139	220	110	05	10	40
031	00002661	0	140	220	110	05	10	40
032	00002662	0	140	220	110	05	10	40
033	00002663	0	140	220	110	05	10	40
034	00002664	0	140	220	110	05	10	40
035	00002665	0	141	220	110	05	10	40
036	00002666	0	141	220	110	05	10	40
037	00002667	0	141	220	110	05	10	40
038	00002668	0	141	220	110	05	10	40
039	00002669	0	142	220	110	05	10	40
040	00002670	0	142	220	110	05	10	40
041	00002671	0	143	220	110	05	10	40
042	00002672	0	143	220	110	05	10	40
043	00002673	0	144	220	110	05	10	40
044	00002674	0	144	220	110	05	10	40
045	00002675	0	144	220	110	05	10	40
046	00002676	0	145	220	110	05	10	40
047	00002677	0	145	220	110	05	10	40
048	00002678	0	145	220	110	05	10	40
049	00002679	0	146	220	110	05	10	40
050	00002680	0	146	220	110	05	10	40
051	00002681	0	146	220	110	05	10	40
052	00002682	0	147	220	110	05	10	40
053	00002683	0	147	220	110	05	10	40
054	00002684	0	147	220	110	05	10	40
055	00002685	0	148	220	110	05	10	40
056	00002686	0	148	220	110	05	10	40
057	00002687	0	149	220	110	05	10	40
058	00002688	0	149	220	110	05	10	40
059	00002689	0	149	220	110	05	10	40
060	00002690	0	150	220	110	05	10	40
061	00002691	0	150	220	110	05	10	40
062	00002692	0	150	220	110	05	10	40
063	00002693	0	151	220	110	05	10	40
064	00002694	0	151	220	110	05	10	40
065	00002695	0	151	220	110	05	10	40
066	00002696	0	152	220	110	05	10	40
067	00002697	0	152	220	110	05	10	40
068	00002698	0	152	220	110	05	10	40
069	00050000	0	153	220	110	05	10	99
070	00050001	0	154	220	110	05	10	99



LGM
129	00001299	0
130	00001300	0
131	00001301	0
132	00001302	0
133	00001303	0
134	00001304	0
135	00001305	0
136	00001306	0
137	00001307	0
138	00001308	0
139	00001309	0
140	00001310	0
141	00001311	0
142	00001312	0
143	00001313	0
144	00001314	0
145	00001315	0
146	00001316	0
147	00001317	0
148	00001318	0
149	00001319	0
150	00001320	0
151	00001321	0
152	00001322	0
153	00070000	0
154	00070001	0




SCM
008
USM
001	00002699	0	129	220	110	05	10	41
002	00002700	0	129	220	110	05	10	41
003	00002701	0	129	220	110	05	10	41
004	00002702	0	130	220	110	05	10	41
005	00002703	0	130	220	110	05	10	41
006	00002704	0	130	220	110	05	10	41
007	00002705	0	131	220	110	05	10	41
008	00002706	0	131	220	110	05	10	41
009	00002707	0	131	220	110	05	10	41
010	00002708	0	132	220	110	05	10	41
011	00002709	0	132	220	110	05	10	41
012	00002710	0	132	220	110	05	10	41
013	00002711	0	133	220	110	05	10	41
014	00002712	0	133	220	110	05	10	41
015	00002713	0	134	220	110	05	10	41
016	00002714	0	134	220	110	05	10	41
017	00002715	0	134	220	110	05	10	41
018	00002716	0	135	220	110	05	10	41
019	00002717	0	135	220	110	05	10	41
020	00002718	0	135	220	110	05	10	41
021	00002719	0	136	220	110	05	10	41
022	00002720	0	136	220	110	05	10	41
023	00002721	0	136	220	110	05	10	41
024	00002722	0	137	220	110	05	10	41
025	00002723	0	137	220	110	05	10	41
026	00002724	0	137	220	110	05	10	41
027	00002725	0	138	220	110	05	10	41
028	00002726	0	138	220	110	05	10	41
029	00002727	0	139	220	110	05	10	41
030	00002728	0	139	220	110	05	10	41
031	00002729	0	139	220	110	05	10	41
032	00002730	0	140	220	110	05	10	41
033	00002731	0	140	220	110	05	10	41
034	00002732	0	140	220	110	05	10	41
035	00002733	0	141	220	110	05	10	41
036	00002734	0	141	220	110	05	10	41
037	00002735	0	142	220	110	05	10	41
038	00002736	0	142	220	110	05	10	41
039	00002737	0	142	220	110	05	10	41
040	00002738	0	142	220	110	05	10	41
041	00002739	0	143	220	110	05	10	41
042	00002740	0	143	220	110	05	10	41
043	00002741	0	143	220	110	05	10	41
044	00002742	0	144	220	110	05	10	41
045	00002743	0	144	220	110	05	10	41
046	00002744	0	144	220	110	05	10	41
047	00002745	0	145	220	110	05	10	41
048	00002746	0	145	220	110	05	10	41
049	00002747	0	145	220	110	05	10	41
050	00002748	0	146	220	110	05	10	41
051	00002749	0	146	220	110	05	10	41
052	00002750	0	146	220	110	05	10	41
053	00002751	0	147	220	110	05	10	41
054	00002752	0	147	220	110	05	10	41
055	00002753	0	147	220	110	05	10	41
056	00002754	0	148	220	110	05	10	41
057	00002755	0	148	220	110	05	10	41
058	00002756	0	148	220	110	05	10	41
059	00002757	0	149	220	110	05	10	41
060	00002758	0	149	220	110	05	10	41
061	00002759	0	149	220	110	05	10	41
062	00002760	0	150	220	110	05	10	41
063	00002761	0	150	220	110	05	10	41
064	00002762	0	150	220	110	05	10	41
065	00002763	0	151	220	110	05	10	41
066	00002764	0	151	220	110	05	10	41
067	00050000	0	152	220	110	05	10	99
068	00050001	0	152	220	110	05	10	99




LGM
129	00001323	0
130	00001324	0
131	00001325	0
132	00001326	0
133	00001327	0
134	00001328	0
135	00001329	0
136	00001330	0
137	00001331	0
138	00001332	0
139	00001333	0
140	00001334	0
141	00001335	0
142	00001336	0
143	00001337	0
144	00001338	0
145	00001339	0
146	00001340	0
147	00001341	0
148	00001342	0
149	00001343	0
150	00001344	0
151	00001345	0
152	00070000	0




SCM
009
USM
001	00002765	0	129	220	110	05	10	42
002	00002766	0	129	220	110	05	10	42
003	00002767	0	129	220	110	05	10	42
004	00002768	0	130	220	110	05	10	42
005	00002769	0	130	220	110	05	10	42
006	00002770	0	130	220	110	05	10	42
007	00002771	0	131	220	110	05	10	42
008	00002772	0	131	220	110	05	10	42
009	00002773	0	131	220	110	05	10	42
010	00002774	0	132	220	110	05	10	42
011	00002775	0	132	220	110	05	10	42
012	00002776	0	132	220	110	05	10	42
013	00002777	0	133	220	110	05	10	42
014	00002778	0	133	220	110	05	10	42
015	00002779	0	133	220	110	05	10	42
016	00002780	0	134	220	110	05	10	42
017	00002781	0	134	220	110	05	10	42
018	00002782	0	134	220	110	05	10	42
019	00002783	0	135	220	110	05	10	42
020	00002784	0	135	220	110	05	10	42
021	00002785	0	135	220	110	05	10	42
022	00002786	0	136	220	110	05	10	42
023	00002787	0	136	220	110	05	10	42
024	00002788	0	136	220	110	05	10	42
025	00002789	0	137	220	110	05	10	42
026	00002790	0	137	220	110	05	10	42
027	00002791	0	137	220	110	05	10	42
028	00002792	0	138	220	110	05	10	42
029	00002793	0	138	220	110	05	10	42
030	00002794	0	139	220	110	05	10	42
031	00002795	0	139	220	110	05	10	42
032	00002796	0	139	220	110	05	10	42
033	00002797	0	140	220	110	05	10	42
034	00002798	0	140	220	110	05	10	42
035	00002799	0	140	220	110	05	10	42
036	00002800	0	141	220	110	05	10	42
037	00002801	0	141	220	110	05	10	42
038	00002802	0	141	220	110	05	10	42
039	00002803	0	142	220	110	05	10	42
040	00002804	0	142	220	110	05	10	42
041	00002805	0	143	220	110	05	10	42
042	00002806	0	143	220	110	05	10	42
043	00002807	0	143	220	110	05	10	42
044	00002808	0	144	220	110	05	10	42
045	00002809	0	144	220	110	05	10	42
046	00002810	0	144	220	110	05	10	42
047	00002811	0	145	220	110	05	10	42
048	00002812	0	145	220	110	05	10	42
049	00002813	0	145	220	110	05	10	42
050	00002814	0	145	220	110	05	10	42
051	00002815	0	146	220	110	05	10	42
052	00002816	0	146	220	110	05	10	42
053	00002817	0	146	220	110	05	10	42
054	00002818	0	147	220	110	05	10	42
055	00002819	0	147	220	110	05	10	42
056	00002820	0	147	220	110	05	10	42
057	00002821	0	148	220	110	05	10	42
058	00002822	0	148	220	110	05	10	42
059	00002823	0	148	220	110	05	10	42
060	00002824	0	149	220	110	05	10	42
061	00002825	0	149	220	110	05	10	42
062	00002826	0	149	220	110	05	10	42
063	00002827	0	150	220	110	05	10	42
064	00002828	0	150	220	110	05	10	42
065	00002829	0	150	220	110	05	10	42
066	00002830	0	151	220	110	05	10	42
067	00002831	0	151	220	110	05	10	42
068	00002832	0	151	220	110	05	10	42
069	00050000	0	152	220	110	05	10	99
070	00050001	0	152	220	110	05	10	99




LGM
129	00001346	0
130	00001347	0
131	00001348	0
132	00001349	0
133	00001350	0
134	00001351	0
135	00001352	0
136	00001353	0
137	00001354	0
138	00001355	0
139	00001356	0
140	00001357	0
141	00001358	0
142	00001359	0
143	00001360	0
144	00001361	0
145	00001362	0
146	00001363	0
147	00001364	0
148	00001365	0
149	00001366	0
150	00001367	0
151	00001368	0
152	00070000	0




SCM
010
USM
001	00002833	0	129	220	110	05	10	43
002	00002834	0	129	220	110	05	10	43
003	00002835	0	129	220	110	05	10	43
004	00002836	0	129	220	110	05	10	43
005	00002837	0	130	220	110	05	10	43
006	00002838	0	130	220	110	05	10	43
007	00002839	0	130	220	110	05	10	43
008	00002840	0	131	220	110	05	10	43
009	00002841	0	131	220	110	05	10	43
010	00002842	0	131	220	110	05	10	43
011	00002843	0	132	220	110	05	10	43
012	00002844	0	132	220	110	05	10	43
013	00002845	0	133	220	110	05	10	43
014	00002846	0	133	220	110	05	10	43
015	00002847	0	133	220	110	05	10	43
016	00002848	0	134	220	110	05	10	43
017	00002849	0	134	220	110	05	10	43
018	00002850	0	134	220	110	05	10	43
019	00002851	0	135	220	110	05	10	43
020	00002852	0	135	220	110	05	10	43
021	00002853	0	135	220	110	05	10	43
022	00002854	0	136	220	110	05	10	43
023	00002855	0	136	220	110	05	10	43
024	00002856	0	136	220	110	05	10	43
025	00002857	0	137	220	110	05	10	43
026	00002858	0	137	220	110	05	10	43
027	00002859	0	137	220	110	05	10	43
028	00002860	0	138	220	110	05	10	43
029	00002861	0	138	220	110	05	10	43
030	00002862	0	138	220	110	05	10	43
031	00002863	0	139	220	110	05	10	43
032	00002864	0	139	220	110	05	10	43
033	00002865	0	139	220	110	05	10	43
034	00002866	0	140	220	110	05	10	43
035	00002867	0	140	220	110	05	10	43
036	00002868	0	140	220	110	05	10	43
037	00002869	0	141	220	110	05	10	43
038	00002870	0	141	220	110	05	10	43
039	00002871	0	141	220	110	05	10	43
040	00002872	0	142	220	110	05	10	43
041	00002873	0	142	220	110	05	10	43
042	00002874	0	142	220	110	05	10	43
043	00002875	0	143	220	110	05	10	43
044	00002876	0	143	220	110	05	10	43
045	00002877	0	143	220	110	05	10	43
046	00002878	0	144	220	110	05	10	43
047	00002879	0	144	220	110	05	10	43
048	00002880	0	144	220	110	05	10	43
049	00050000	0	145	220	110	05	10	99
050	00050001	0	146	220	110	05	10	99




LGM
129	00001369	0
130	00001370	0
131	00001371	0
132	00001372	0
133	00001373	0
134	00001374	0
135	00001375	0
136	00001376	0
137	00001377	0
138	00001378	0
139	00001379	0
140	00001380	0
141	00001381	0
142	00001382	0
143	00001383	0
144	00001384	0
145	00070000	0
146	00070001	0




SCM
011
USM
001	00002881	0	129	220	110	05	10	44
002	00002882	0	129	220	110	05	10	44
003	00002883	0	129	220	110	05	10	44
004	00002884	0	129	220	110	05	10	44
005	00002885	0	130	220	110	05	10	44
006	00002886	0	130	220	110	05	10	44
007	00002887	0	130	220	110	05	10	44
008	00002888	0	131	220	110	05	10	44
009	00002889	0	131	220	110	05	10	44
010	00002890	0	131	220	110	05	10	44
011	00002891	0	132	220	110	05	10	44
012	00002892	0	132	220	110	05	10	44
013	00002893	0	132	220	110	05	10	44
014	00002894	0	132	220	110	05	10	44
015	00002895	0	133	220	110	05	10	44
016	00002896	0	133	220	110	05	10	44
017	00002897	0	133	220	110	05	10	44
018	00002898	0	134	220	110	05	10	44
019	00002899	0	134	220	110	05	10	44
020	00002900	0	134	220	110	05	10	44
021	00002901	0	135	220	110	05	10	44
022	00002902	0	135	220	110	05	10	44
023	00002903	0	135	220	110	05	10	44
024	00002904	0	136	220	110	05	10	44
025	00002905	0	136	220	110	05	10	44
026	00002906	0	136	220	110	05	10	44
027	00002907	0	137	220	110	05	10	44
028	00002908	0	137	220	110	05	10	44
029	00002909	0	137	220	110	05	10	44
030	00002910	0	137	220	110	05	10	44
031	00002911	0	138	220	110	05	10	44
032	00002912	0	138	220	110	05	10	44
033	00002913	0	138	220	110	05	10	44
034	00002914	0	139	220	110	05	10	44
035	00002915	0	139	220	110	05	10	44
036	00002916	0	139	220	110	05	10	44
037	00002917	0	140	220	110	05	10	44
038	00002918	0	140	220	110	05	10	44
039	00002919	0	140	220	110	05	10	44
040	00002920	0	141	220	110	05	10	44
041	00002921	0	141	220	110	05	10	44
042	00002922	0	141	220	110	05	10	44
043	00002923	0	142	220	110	05	10	44
044	00002924	0	142	220	110	05	10	44
045	00002925	0	142	220	110	05	10	44
046	00002926	0	143	220	110	05	10	44
047	00002927	0	143	220	110	05	10	44
048	00002928	0	144	220	110	05	10	44
049	00002929	0	144	220	110	05	10	44
050	00002930	0	144	220	110	05	10	44
051	00002931	0	145	220	110	05	10	44
052	00002932	0	145	220	110	05	10	44
053	00002933	0	145	220	110	05	10	44
054	00002934	0	146	220	110	05	10	44
055	00002935	0	146	220	110	05	10	44
056	00002936	0	146	220	110	05	10	44
057	00002937	0	147	220	110	05	10	44
058	00002938	0	147	220	110	05	10	44
059	00002939	0	147	220	110	05	10	44
060	00050000	0	148	220	110	05	10	99




LGM
129	00001385	0
130	00001386	0
131	00001387	0
132	00001388	0
133	00001389	0
134	00001390	0
135	00001391	0
136	00001392	0
137	00001393	0
138	00001394	0
139	00001395	0
140	00001396	0
141	00001397	0
142	00001398	0
143	00001399	0
144	00001400	0
145	00001401	0
146	00001402	0
147	00001403	0
148	00070000	0




SCM
012
USM
001	00002940	0	129	220	110	05	10	45
002	00002941	0	129	220	110	05	10	45
003	00002942	0	129	220	110	05	10	45
004	00002943	0	130	220	110	05	10	45
005	00002944	0	130	220	110	05	10	45
006	00002945	0	130	220	110	05	10	45
007	00002946	0	131	220	110	05	10	45
008	00002947	0	131	220	110	05	10	45
009	00002948	0	131	220	110	05	10	45
010	00002949	0	132	220	110	05	10	45
011	00002950	0	132	220	110	05	10	45
012	00002951	0	132	220	110	05	10	45
013	00002952	0	133	220	110	05	10	45
014	00002953	0	133	220	110	05	10	45
015	00002954	0	133	220	110	05	10	45
016	00002955	0	134	220	110	05	10	45
017	00002956	0	134	220	110	05	10	45
018	00002957	0	134	220	110	05	10	45
019	00002958	0	135	220	110	05	10	45
020	00002959	0	135	220	110	05	10	45
021	00002960	0	135	220	110	05	10	45
022	00002961	0	136	220	110	05	10	45
023	00002962	0	136	220	110	05	10	45
024	00002963	0	136	220	110	05	10	45
025	00002964	0	137	220	110	05	10	45
026	00002965	0	137	220	110	05	10	45
027	00002966	0	137	220	110	05	10	45
028	00002967	0	137	220	110	05	10	45
029	00002968	0	138	220	110	05	10	45
030	00002969	0	138	220	110	05	10	45
031	00002970	0	138	220	110	05	10	45
032	00002971	0	139	220	110	05	10	45
033	00002972	0	139	220	110	05	10	45
034	00002973	0	139	220	110	05	10	45
035	00002974	0	140	220	110	05	10	45
036	00002975	0	140	220	110	05	10	45
037	00002976	0	140	220	110	05	10	45
038	00002977	0	141	220	110	05	10	45
039	00002978	0	141	220	110	05	10	45
040	00002979	0	141	220	110	05	10	45
041	00002980	0	142	220	110	05	10	45
042	00002981	0	142	220	110	05	10	45
043	00002982	0	142	220	110	05	10	45
044	00002983	0	143	220	110	05	10	45
045	00002984	0	143	220	110	05	10	45
046	00002985	0	143	220	110	05	10	45
047	00050000	0	144	220	110	05	10	99
048	00050001	0	144	220	110	05	10	99





LGM
129	00001404	0
130	00001405	0
131	00001406	0
132	00001407	0
133	00001408	0
134	00001409	0
135	00001410	0
136	00001411	0
137	00001412	0
138	00001413	0
139	00001414	0
140	00001415	0
141	00001416	0
142	00001417	0
143	00001418	0
144	00070000	0




