SCM
001
USM
001	00000811	0	129	220	110	05	10	10
002	00000812	0	129	220	110	05	10	10
003	00000813	0	129	220	110	05	10	10
004	00000814	0	130	220	110	05	10	10
005	00000815	0	130	220	110	05	10	10
006	00000816	0	130	220	110	05	10	10
007	00000817	0	131	220	110	05	10	10
008	00000818	0	131	220	110	05	10	10
009	00000819	0	131	220	110	05	10	10
010	00000820	0	132	220	110	05	10	10
011	00000821	0	132	220	110	05	10	10
012	00000822	0	132	220	110	05	10	10
013	00000823	0	133	220	110	05	10	10
014	00000824	0	133	220	110	05	10	10
015	00000825	0	133	220	110	05	10	10
016	00000826	0	134	220	110	05	10	10
017	00000827	0	134	220	110	05	10	10
018	00000828	0	134	220	110	05	10	10
019	00000829	0	135	220	110	05	10	10
020	00000830	0	135	220	110	05	10	10
021	00000831	0	135	220	110	05	10	10
022	00000832	0	136	220	110	05	10	10
023	00000833	0	136	220	110	05	10	10
024	00000834	0	136	220	110	05	10	10
025	00000835	0	136	220	110	05	10	10
026	00000836	0	137	220	110	05	10	10
027	00000837	0	137	220	110	05	10	10
028	00000838	0	138	220	110	05	10	10
029	00000839	0	138	220	110	05	10	10
030	00000840	0	138	220	110	05	10	10
031	00000841	0	139	220	110	05	10	10
032	00000842	0	139	220	110	05	10	10
033	00000843	0	139	220	110	05	10	10
034	00000844	0	140	220	110	05	10	10
035	00000845	0	140	220	110	05	10	10
036	00000846	0	141	220	110	05	10	10
037	00000847	0	141	220	110	05	10	10
038	00000848	0	141	220	110	05	10	10
039	00000849	0	141	220	110	05	10	10
040	00000850	0	142	220	110	05	10	10
041	00000851	0	142	220	110	05	10	10
042	00000852	0	142	220	110	05	10	10
043	00000853	0	143	220	110	05	10	10
044	00000854	0	143	220	110	05	10	10
045	00000855	0	143	220	110	05	10	10
046	00000856	0	144	220	110	05	10	10
047	00000857	0	144	220	110	05	10	10
048	00000858	0	145	220	110	05	10	10
049	00000859	0	145	220	110	05	10	10
050	00000860	0	145	220	110	05	10	10
051	00000861	0	146	220	110	05	10	10
052	00000862	0	146	220	110	05	10	10
053	00000863	0	146	220	110	05	10	10
054	00000864	0	147	220	110	05	10	10
055	00000865	0	147	220	110	05	10	10
056	00000866	0	147	220	110	05	10	10
057	00000867	0	148	220	110	05	10	10
058	00000868	0	148	220	110	05	10	10
059	00000869	0	148	220	110	05	10	10
060	00000870	0	149	220	110	05	10	10
061	00000871	0	149	220	110	05	10	10
062	00000872	0	149	220	110	05	10	10
063	00000873	0	149	220	110	05	10	10
064	00000874	0	150	220	110	05	10	10
065	00000875	0	150	220	110	05	10	10
066	00000876	0	150	220	110	05	10	10
067	00000877	0	151	220	110	05	10	10
068	00000878	0	151	220	110	05	10	10
069	00050000	0	152	220	110	05	10	99
070	00050001	0	152	220	110	05	10	99


LGM
129	00000674	0
130	00000675	0
131	00000676	0
132	00000677	0
133	00000678	0
134	00000679	0
135	00000680	0
136	00000681	0
137	00000682	0
138	00000683	0
139	00000684	0
140	00000685	0
141	00000686	0
142	00000687	0
143	00000688	0
144	00000689	0
145	00000690	0
146	00000691	0
147	00000692	0
148	00000693	0
149	00000694	0
150	00000695	0
151	00000696	0
152	00070000	0

       
        
SCM     
002     
USM     
001	00000879	0	129	220	110	05	10	11
002	00000880	0	129	220	110	05	10	11
003	00000881	0	129	220	110	05	10	11
004	00000882	0	130	220	110	05	10	11
005	00000883	0	130	220	110	05	10	11
006	00000884	0	130	220	110	05	10	11
007	00000885	0	131	220	110	05	10	11
008	00000886	0	131	220	110	05	10	11
009	00000887	0	131	220	110	05	10	11
010	00000888	0	132	220	110	05	10	11
011	00000889	0	132	220	110	05	10	11
012	00000890	0	132	220	110	05	10	11
013	00000891	0	133	220	110	05	10	11
014	00000892	0	133	220	110	05	10	11
015	00000893	0	133	220	110	05	10	11
016	00000894	0	134	220	110	05	10	11
017	00000895	0	134	220	110	05	10	11
018	00000896	0	134	220	110	05	10	11
019	00000897	0	135	220	110	05	10	11
020	00000898	0	135	220	110	05	10	11
021	00000899	0	135	220	110	05	10	11
022	00000900	0	135	220	110	05	10	11
023	00000901	0	136	220	110	05	10	11
024	00000902	0	136	220	110	05	10	11
025	00000903	0	137	220	110	05	10	11
026	00000904	0	137	220	110	05	10	11
027	00000905	0	137	220	110	05	10	11
028	00000906	0	137	220	110	05	10	11
029	00000907	0	138	220	110	05	10	11
030	00000908	0	138	220	110	05	10	11
031	00000909	0	139	220	110	05	10	11
032	00000910	0	139	220	110	05	10	11
033	00000911	0	139	220	110	05	10	11
034	00000912	0	140	220	110	05	10	11
035	00000913	0	141	220	110	05	10	11
036	00000914	0	141	220	110	05	10	11
037	00000915	0	141	220	110	05	10	11
038	00000916	0	142	220	110	05	10	11
039	00000917	0	142	220	110	05	10	11
040	00000918	0	142	220	110	05	10	11
041	00000919	0	143	220	110	05	10	11
042	00000920	0	143	220	110	05	10	11
043	00000921	0	143	220	110	05	10	11
044	00000922	0	143	220	110	05	10	11
045	00000923	0	143	220	110	05	10	11
046	00000924	0	144	220	110	05	10	11
047	00000925	0	144	220	110	05	10	11
048	00000926	0	145	220	110	05	10	11
049	00000927	0	145	220	110	05	10	11
050	00000928	0	145	220	110	05	10	11
051	00000929	0	146	220	110	05	10	11
052	00000930	0	146	220	110	05	10	11
053	00000931	0	147	220	110	05	10	11
054	00000932	0	147	220	110	05	10	11
055	00000933	0	147	220	110	05	10	11
056	00000934	0	148	220	110	05	10	11
057	00000935	0	148	220	110	05	10	11
058	00000936	0	148	220	110	05	10	11
059	00000937	0	149	220	110	05	10	11
060	00000938	0	149	220	110	05	10	11
061	00000939	0	150	220	110	05	10	11
062	00000940	0	150	220	110	05	10	11
063	00000941	0	150	220	110	05	10	11
064	00000942	0	150	220	110	05	10	11
065	00050000	0	151	220	110	05	10	99
066	00050001	0	152	220	110	05	10	99


LGM
129	00000697	0
130	00000698	0
131	00000699	0
132	00000700	0
133	00000701	0
134	00000702	0
135	00000703	0
136	00000704	0
137	00000705	0
138	00000706	0
139	00000707	0
140	00000708	0
141	00000709	0
142	00000710	0
143	00000711	0
144	00000712	0
145	00000713	0
146	00000714	0
147	00000715	0
148	00000716	0
149	00000717	0
150	00000718	0
151	00070000	0
152	00070001	0



SCM
003
USM
001	00000943	0	129	220	110	05	10	12
002	00000944	0	129	220	110	05	10	12
003	00000945	0	129	220	110	05	10	12
004	00000946	0	130	220	110	05	10	12
005	00000947	0	130	220	110	05	10	12
006	00000948	0	130	220	110	05	10	12
007	00000949	0	131	220	110	05	10	12
008	00000950	0	131	220	110	05	10	12
009	00000951	0	131	220	110	05	10	12
010	00000952	0	132	220	110	05	10	12
011	00000953	0	132	220	110	05	10	12
012	00000954	0	132	220	110	05	10	12
013	00000955	0	133	220	110	05	10	12
014	00000956	0	133	220	110	05	10	12
015	00000957	0	133	220	110	05	10	12
016	00000958	0	134	220	110	05	10	12
017	00000959	0	134	220	110	05	10	12
018	00000960	0	134	220	110	05	10	12
019	00000961	0	135	220	110	05	10	12
020	00000962	0	135	220	110	05	10	12
021	00000963	0	135	220	110	05	10	12
022	00000964	0	136	220	110	05	10	12
023	00000965	0	136	220	110	05	10	12
024	00000966	0	136	220	110	05	10	12
025	00000967	0	137	220	110	05	10	12
026	00000968	0	137	220	110	05	10	12
027	00000969	0	137	220	110	05	10	12
028	00000970	0	138	220	110	05	10	12
029	00000971	0	138	220	110	05	10	12
030	00000972	0	138	220	110	05	10	12
031	00000973	0	138	220	110	05	10	12
032	00000974	0	139	220	110	05	10	12
033	00000975	0	139	220	110	05	10	12
034	00000976	0	139	220	110	05	10	12
035	00000977	0	140	220	110	05	10	12
036	00000978	0	140	220	110	05	10	12
037	00000979	0	140	220	110	05	10	12
038	00000980	0	141	220	110	05	10	12
039	00000981	0	141	220	110	05	10	12
040	00000982	0	141	220	110	05	10	12
041	00000983	0	142	220	110	05	10	12
042	00000984	0	142	220	110	05	10	12
043	00000985	0	142	220	110	05	10	12
044	00000986	0	143	220	110	05	10	12
045	00000987	0	143	220	110	05	10	12
046	00000988	0	143	220	110	05	10	12
047	00000989	0	144	220	110	05	10	12
048	00000990	0	144	220	110	05	10	12
049	00000991	0	144	220	110	05	10	12
050	00000992	0	145	220	110	05	10	12
051	00000993	0	145	220	110	05	10	12
052	00000994	0	145	220	110	05	10	12
053	00000995	0	146	220	110	05	10	12
054	00000996	0	146	220	110	05	10	12
055	00000997	0	146	220	110	05	10	12
056	00000998	0	147	220	110	05	10	12
057	00000999	0	147	220	110	05	10	12
058	00001000	0	147	220	110	05	10	12
059	00001001	0	148	220	110	05	10	12
060	00001002	0	148	220	110	05	10	12
061	00001003	0	148	220	110	05	10	12
062	00001004	0	149	220	110	05	10	12
063	00001005	0	149	220	110	05	10	12
064	00001006	0	149	220	110	05	10	12
065	00001007	0	150	220	110	05	10	12
066	00001008	0	150	220	110	05	10	12
067	00001009	0	150	220	110	05	10	12
068	00050000	0	151	220	110	05	10	99
069	00050001	0	152	220	110	05	10	99
070	00050002	0	152	220	110	05	10	99


LGM
129	00000719	0
130	00000720	0
131	00000721	0
132	00000722	0
133	00000723	0
134	00000724	0
135	00000725	0
136	00000726	0
137	00000727	0
138	00000728	0
139	00000729	0
140	00000730	0
141	00000731	0
142	00000732	0
143	00000733	0
144	00000734	0
145	00000735	0
146	00000736	0
147	00000737	0
148	00000738	0
149	00000739	0
150	00000740	0
151	00070000	0
152	00070001	0



SCM
004
USM
001	00001010	0	129	220	110	05	10	13
002	00001011	0	129	220	110	05	10	13
003	00001012	0	129	220	110	05	10	13
004	00001013	0	130	220	110	05	10	13
005	00001014	0	130	220	110	05	10	13
006	00001015	0	130	220	110	05	10	13
007	00001016	0	131	220	110	05	10	13
008	00001017	0	131	220	110	05	10	13
009	00001018	0	132	220	110	05	10	13
010	00001019	0	132	220	110	05	10	13
011	00001020	0	132	220	110	05	10	13
012	00001021	0	133	220	110	05	10	13
013	00001022	0	133	220	110	05	10	13
014	00001023	0	133	220	110	05	10	13
015	00001024	0	134	220	110	05	10	13
016	00001025	0	134	220	110	05	10	13
017	00001026	0	134	220	110	05	10	13
018	00001027	0	135	220	110	05	10	13
019	00001028	0	135	220	110	05	10	13
020	00001029	0	135	220	110	05	10	13
021	00001030	0	135	220	110	05	10	13
022	00001031	0	136	220	110	05	10	13
023	00001032	0	136	220	110	05	10	13
024	00001033	0	136	220	110	05	10	13
025	00001034	0	137	220	110	05	10	13
026	00001035	0	137	220	110	05	10	13
027	00001036	0	137	220	110	05	10	13
028	00001037	0	138	220	110	05	10	13
029	00001038	0	138	220	110	05	10	13
030	00001039	0	138	220	110	05	10	13
031	00001040	0	138	220	110	05	10	13
032	00001041	0	139	220	110	05	10	13
033	00001042	0	139	220	110	05	10	13
034	00001043	0	139	220	110	05	10	13
035	00001044	0	140	220	110	05	10	13
036	00001045	0	140	220	110	05	10	13
037	00001046	0	140	220	110	05	10	13
038	00001047	0	141	220	110	05	10	13
039	00001048	0	141	220	110	05	10	13
040	00001049	0	141	220	110	05	10	13
041	00001050	0	142	220	110	05	10	13
042	00001051	0	142	220	110	05	10	13
043	00001052	0	142	220	110	05	10	13
044	00001053	0	143	220	110	05	10	13
045	00001054	0	143	220	110	05	10	13
046	00001055	0	143	220	110	05	10	13
047	00001056	0	144	220	110	05	10	13
048	00001057	0	144	220	110	05	10	13
049	00001058	0	144	220	110	05	10	13
050	00001059	0	145	220	110	05	10	13
051	00001060	0	145	220	110	05	10	13
052	00001061	0	146	220	110	05	10	13
053	00001062	0	146	220	110	05	10	13
054	00001063	0	146	220	110	05	10	13
055	00001064	0	147	220	110	05	10	13
056	00001065	0	147	220	110	05	10	13
057	00001066	0	147	220	110	05	10	13
058	00001067	0	148	220	110	05	10	13
059	00001068	0	148	220	110	05	10	13
060	00001069	0	149	220	110	05	10	13
061	00001070	0	149	220	110	05	10	13
062	00001071	0	149	220	110	05	10	13
063	00001072	0	150	220	110	05	10	13
064	00001073	0	150	220	110	05	10	13
065	00050000	0	151	220	110	05	10	99
066	00050001	0	152	220	110	05	10	99


LGM
129	00000741	0
130	00000742	0
131	00000743	0
132	00000744	0
133	00000745	0
134	00000746	0
135	00000747	0
136	00000748	0
137	00000749	0
138	00000750	0
139	00000751	0
140	00000752	0
141	00000753	0
142	00000754	0
143	00000755	0
144	00000756	0
145	00000757	0
146	00000758	0
147	00000759	0
148	00000760	0
149	00000761	0
150	00000762	0
151	00070000	0
152	00070001	0



SCM
005
USM
001	00001074	0	129	220	110	05	10	14
002	00001075	0	130	220	110	05	10	14
003	00001076	0	130	220	110	05	10	14
004	00001077	0	130	220	110	05	10	14
005	00001078	0	130	220	110	05	10	14
006	00001079	0	131	220	110	05	10	14
007	00001080	0	131	220	110	05	10	14
008	00001081	0	132	220	110	05	10	14
009	00001082	0	132	220	110	05	10	14
010	00001083	0	132	220	110	05	10	14
011	00001084	0	133	220	110	05	10	14
012	00001085	0	133	220	110	05	10	14
013	00001086	0	133	220	110	05	10	14
014	00001087	0	134	220	110	05	10	14
015	00001088	0	134	220	110	05	10	14
016	00001089	0	134	220	110	05	10	14
017	00001090	0	135	220	110	05	10	14
018	00001091	0	135	220	110	05	10	14
019	00001092	0	135	220	110	05	10	14
020	00001093	0	136	220	110	05	10	14
021	00001094	0	136	220	110	05	10	14
022	00001095	0	137	220	110	05	10	14
023	00001096	0	137	220	110	05	10	14
024	00001097	0	137	220	110	05	10	14
025	00001098	0	138	220	110	05	10	14
026	00001099	0	138	220	110	05	10	14
027	00001100	0	138	220	110	05	10	14
028	00001101	0	139	220	110	05	10	14
029	00001102	0	139	220	110	05	10	14
030	00001103	0	139	220	110	05	10	14
031	00001104	0	140	220	110	05	10	14
032	00001105	0	140	220	110	05	10	14
033	00001106	0	140	220	110	05	10	14
034	00001107	0	141	220	110	05	10	14
035	00001108	0	141	220	110	05	10	14
036	00001109	0	142	220	110	05	10	14
037	00001110	0	142	220	110	05	10	14
038	00001111	0	142	220	110	05	10	14
039	00001112	0	143	220	110	05	10	14
040	00001113	0	143	220	110	05	10	14
041	00001114	0	143	220	110	05	10	14
042	00001115	0	144	220	110	05	10	14
043	00001116	0	144	220	110	05	10	14
044	00001117	0	144	220	110	05	10	14
045	00001118	0	145	220	110	05	10	14
046	00001119	0	145	220	110	05	10	14
047	00001120	0	145	220	110	05	10	14
048	00001121	0	146	220	110	05	10	14
049	00001122	0	146	220	110	05	10	14
050	00001123	0	147	220	110	05	10	14
051	00001124	0	147	220	110	05	10	14
052	00001125	0	147	220	110	05	10	14
053	00001126	0	148	220	110	05	10	14
054	00001127	0	148	220	110	05	10	14
055	00001128	0	148	220	110	05	10	14
056	00001129	0	149	220	110	05	10	14
057	00001130	0	149	220	110	05	10	14
058	00001131	0	149	220	110	05	10	14
059	00001132	0	150	220	110	05	10	14
060	00001133	0	150	220	110	05	10	14
061	00001134	0	150	220	110	05	10	14
062	00050000	0	151	220	110	05	10	99
063	00050001	0	152	220	110	05	10	99
064	00050002	0	152	220	110	05	10	99


LGM
129	00000763	0
130	00000764	0
131	00000765	0
132	00000766	0
133	00000767	0
134	00000768	0
135	00000769	0
136	00000770	0
137	00000771	0
138	00000772	0
139	00000773	0
140	00000774	0
141	00000775	0
142	00000776	0
143	00000777	0
144	00000778	0
145	00000779	0
146	00000780	0
147	00000781	0
148	00000782	0
149	00000783	0
150	00000784	0
151	00070000	0
152	00070001	0



SCM
006
USM
001	00001135	0	129	220	110	05	10	15
002	00001136	0	129	220	110	05	10	15
003	00001137	0	130	220	110	05	10	15
004	00001138	0	130	220	110	05	10	15
005	00001139	0	130	220	110	05	10	15
006	00001140	0	131	220	110	05	10	15
007	00001141	0	131	220	110	05	10	15
008	00001142	0	131	220	110	05	10	15
009	00001143	0	132	220	110	05	10	15
010	00001144	0	132	220	110	05	10	15
011	00001145	0	132	220	110	05	10	15
012	00001146	0	133	220	110	05	10	15
013	00001147	0	133	220	110	05	10	15
014	00001148	0	133	220	110	05	10	15
015	00001149	0	134	220	110	05	10	15
016	00001150	0	134	220	110	05	10	15
017	00001151	0	134	220	110	05	10	15
018	00001152	0	135	220	110	05	10	15
019	00001153	0	135	220	110	05	10	15
020	00001154	0	135	220	110	05	10	15
021	00001155	0	136	220	110	05	10	15
022	00001156	0	136	220	110	05	10	15
023	00001157	0	136	220	110	05	10	15
024	00001158	0	137	220	110	05	10	15
025	00001159	0	137	220	110	05	10	15
026	00001160	0	138	220	110	05	10	15
027	00001161	0	138	220	110	05	10	15
028	00001162	0	138	220	110	05	10	15
029	00001163	0	138	220	110	05	10	15
030	00001164	0	139	220	110	05	10	15
031	00001165	0	139	220	110	05	10	15
032	00001166	0	139	220	110	05	10	15
033	00001167	0	140	220	110	05	10	15
034	00001168	0	140	220	110	05	10	15
035	00001169	0	140	220	110	05	10	15
036	00001170	0	141	220	110	05	10	15
037	00001171	0	141	220	110	05	10	15
038	00001172	0	142	220	110	05	10	15
039	00001173	0	142	220	110	05	10	15
040	00001174	0	142	220	110	05	10	15
041	00001175	0	143	220	110	05	10	15
042	00001176	0	143	220	110	05	10	15
043	00001177	0	144	220	110	05	10	15
044	00001178	0	144	220	110	05	10	15
045	00001179	0	145	220	110	05	10	15
046	00001180	0	145	220	110	05	10	15
047	00001181	0	145	220	110	05	10	15
048	00001182	0	146	220	110	05	10	15
049	00001183	0	146	220	110	05	10	15
050	00001184	0	146	220	110	05	10	15
051	00001185	0	147	220	110	05	10	15
052	00001186	0	147	220	110	05	10	15
053	00001187	0	147	220	110	05	10	15
054	00001188	0	148	220	110	05	10	15
055	00001189	0	148	220	110	05	10	15
056	00001190	0	148	220	110	05	10	15
057	00001191	0	148	220	110	05	10	15
058	00001192	0	149	220	110	05	10	15
059	00001193	0	149	220	110	05	10	15
060	00001194	0	149	220	110	05	10	15
061	00001195	0	150	220	110	05	10	15
062	00001196	0	150	220	110	05	10	15
063	00050000	0	151	220	110	05	10	99
064	00050001	0	152	220	110	05	10	99


LGM
129	00000785	0
130	00000786	0
131	00000787	0
132	00000788	0
133	00000789	0
134	00000790	0
135	00000791	0
136	00000792	0
137	00000793	0
138	00000794	0
139	00000795	0
140	00000796	0
141	00000797	0
142	00000798	0
143	00000799	0
144	00000800	0
145	00000801	0
146	00000802	0
147	00000803	0
148	00000804	0
149	00000805	0
150	00000806	0
151	00070000	0
152	00070001	0



SCM
007
USM
001	00001197	0	129	220	110	05	10	16
002	00001198	0	129	220	110	05	10	16
003	00001199	0	130	220	110	05	10	16
004	00001200	0	130	220	110	05	10	16
005	00001201	0	130	220	110	05	10	16
006	00001202	0	130	220	110	05	10	16
007	00001203	0	131	220	110	05	10	16
008	00001204	0	131	220	110	05	10	16
009	00001205	0	131	220	110	05	10	16
010	00001206	0	131	220	110	05	10	16
011	00001207	0	132	220	110	05	10	16
012	00001208	0	132	220	110	05	10	16
013	00001209	0	132	220	110	05	10	16
014	00001210	0	133	220	110	05	10	16
015	00001211	0	133	220	110	05	10	16
016	00001212	0	133	220	110	05	10	16
017	00001213	0	134	220	110	05	10	16
018	00001214	0	134	220	110	05	10	16
019	00001215	0	134	220	110	05	10	16
020	00001216	0	135	220	110	05	10	16
021	00001217	0	135	220	110	05	10	16
022	00001218	0	136	220	110	05	10	16
023	00001219	0	136	220	110	05	10	16
024	00001220	0	136	220	110	05	10	16
025	00001221	0	137	220	110	05	10	16
026	00001222	0	137	220	110	05	10	16
027	00001223	0	138	220	110	05	10	16
028	00001224	0	138	220	110	05	10	16
029	00001225	0	138	220	110	05	10	16
030	00001226	0	139	220	110	05	10	16
031	00001227	0	139	220	110	05	10	16
032	00001228	0	139	220	110	05	10	16
033	00001229	0	140	220	110	05	10	16
034	00001230	0	140	220	110	05	10	16
035	00001231	0	140	220	110	05	10	16
036	00001232	0	140	220	110	05	10	16
037	00001233	0	141	220	110	05	10	16
038	00001234	0	141	220	110	05	10	16
039	00001235	0	141	220	110	05	10	16
040	00001236	0	142	220	110	05	10	16
041	00001237	0	142	220	110	05	10	16
042	00001238	0	142	220	110	05	10	16
043	00001239	0	143	220	110	05	10	16
044	00001240	0	143	220	110	05	10	16
045	00001241	0	143	220	110	05	10	16
046	00001242	0	144	220	110	05	10	16
047	00001243	0	144	220	110	05	10	16
048	00001244	0	144	220	110	05	10	16
049	00001245	0	145	220	110	05	10	16
050	00001246	0	145	220	110	05	10	16
051	00001247	0	146	220	110	05	10	16
052	00001248	0	146	220	110	05	10	16
053	00001249	0	146	220	110	05	10	16
054	00001250	0	147	220	110	05	10	16
055	00001251	0	147	220	110	05	10	16
056	00001252	0	147	220	110	05	10	16
057	00001253	0	148	220	110	05	10	16
058	00001254	0	148	220	110	05	10	16
059	00050000	0	149	220	110	05	10	99
060	00050001	0	150	220	110	05	10	99


LGM
129	00000807	0
130	00000808	0
131	00000809	0
132	00000810	0
133	00000811	0
134	00000812	0
135	00000813	0
136	00000814	0
137	00000815	0
138	00000816	0
139	00000817	0
140	00000818	0
141	00000819	0
142	00000820	0
143	00000821	0
144	00000822	0
145	00000823	0
146	00000824	0
147	00000825	0
148	00000826	0
149	00070000	0
150	00070001	0



SCM
008
USM
001	00001255	0	129	220	110	05	10	17
002	00001256	0	129	220	110	05	10	17
003	00001257	0	129	220	110	05	10	17
004	00001258	0	130	220	110	05	10	17
005	00001259	0	130	220	110	05	10	17
006	00001260	0	130	220	110	05	10	17
007	00001261	0	131	220	110	05	10	17
008	00001262	0	131	220	110	05	10	17
009	00001263	0	131	220	110	05	10	17
010	00001264	0	132	220	110	05	10	17
011	00001265	0	132	220	110	05	10	17
012	00001266	0	132	220	110	05	10	17
013	00001267	0	133	220	110	05	10	17
014	00001268	0	133	220	110	05	10	17
015	00001269	0	133	220	110	05	10	17
016	00001270	0	134	220	110	05	10	17
017	00001271	0	134	220	110	05	10	17
018	00001272	0	134	220	110	05	10	17
019	00001273	0	135	220	110	05	10	17
020	00001274	0	135	220	110	05	10	17
021	00001275	0	135	220	110	05	10	17
022	00001276	0	136	220	110	05	10	17
023	00001277	0	136	220	110	05	10	17
024	00001278	0	136	220	110	05	10	17
025	00001279	0	137	220	110	05	10	17
026	00001280	0	137	220	110	05	10	17
027	00001281	0	137	220	110	05	10	17
028	00001282	0	138	220	110	05	10	17
029	00001283	0	138	220	110	05	10	17
030	00001284	0	138	220	110	05	10	17
031	00001285	0	139	220	110	05	10	17
032	00001286	0	139	220	110	05	10	17
033	00001287	0	139	220	110	05	10	17
034	00001288	0	140	220	110	05	10	17
035	00001289	0	140	220	110	05	10	17
036	00001290	0	140	220	110	05	10	17
037	00001291	0	141	220	110	05	10	17
038	00001292	0	141	220	110	05	10	17
039	00001293	0	142	220	110	05	10	17
040	00001294	0	142	220	110	05	10	17
041	00001295	0	142	220	110	05	10	17
042	00001296	0	143	220	110	05	10	17
043	00001297	0	143	220	110	05	10	17
044	00001298	0	143	220	110	05	10	17
045	00001299	0	144	220	110	05	10	17
046	00001300	0	144	220	110	05	10	17
047	00001301	0	144	220	110	05	10	17
048	00001302	0	145	220	110	05	10	17
049	00001303	0	145	220	110	05	10	17
050	00001304	0	146	220	110	05	10	17
051	00001305	0	146	220	110	05	10	17
052	00001306	0	147	220	110	05	10	17
053	00001307	0	147	220	110	05	10	17
054	00001308	0	147	220	110	05	10	17
055	00001309	0	148	220	110	05	10	17
056	00001310	0	148	220	110	05	10	17
057	00001311	0	148	220	110	05	10	17
058	00050000	0	149	220	110	05	10	99
059	00050001	0	150	220	110	05	10	99
060	00050002	0	150	220	110	05	10	99


LGM
129	00000827	0
130	00000828	0
131	00000829	0
132	00000830	0
133	00000831	0
134	00000832	0
135	00000833	0
136	00000834	0
137	00000835	0
138	00000836	0
139	00000837	0
140	00000838	0
141	00000839	0
142	00000840	0
143	00000841	0
144	00000842	0
145	00000843	0
146	00000844	0
147	00000845	0
148	00000846	0
149	00070000	0
150	00070001	0



SCM
009
USM
001	00001312	0	129	220	110	05	10	18
002	00001313	0	129	220	110	05	10	18
003	00001314	0	129	220	110	05	10	18
004	00001315	0	130	220	110	05	10	18
005	00001316	0	130	220	110	05	10	18
006	00001317	0	130	220	110	05	10	18
007	00001318	0	131	220	110	05	10	18
008	00001319	0	131	220	110	05	10	18
009	00001320	0	131	220	110	05	10	18
010	00001321	0	132	220	110	05	10	18
011	00001322	0	132	220	110	05	10	18
012	00001323	0	132	220	110	05	10	18
013	00001324	0	132	220	110	05	10	18
014	00001325	0	133	220	110	05	10	18
015	00001326	0	133	220	110	05	10	18
016	00001327	0	134	220	110	05	10	18
017	00001328	0	134	220	110	05	10	18
018	00001329	0	134	220	110	05	10	18
019	00001330	0	135	220	110	05	10	18
020	00001331	0	135	220	110	05	10	18
021	00001332	0	135	220	110	05	10	18
022	00001333	0	136	220	110	05	10	18
023	00001334	0	136	220	110	05	10	18
024	00001335	0	136	220	110	05	10	18
025	00001336	0	137	220	110	05	10	18
026	00001337	0	137	220	110	05	10	18
027	00001338	0	137	220	110	05	10	18
028	00001339	0	138	220	110	05	10	18
029	00001340	0	138	220	110	05	10	18
030	00001341	0	138	220	110	05	10	18
031	00001342	0	139	220	110	05	10	18
032	00001343	0	139	220	110	05	10	18
033	00001344	0	139	220	110	05	10	18
034	00001345	0	140	220	110	05	10	18
035	00001346	0	140	220	110	05	10	18
036	00001347	0	140	220	110	05	10	18
037	00001348	0	141	220	110	05	10	18
038	00001349	0	141	220	110	05	10	18
039	00001350	0	141	220	110	05	10	18
040	00001351	0	142	220	110	05	10	18
041	00001352	0	142	220	110	05	10	18
042	00001353	0	142	220	110	05	10	18
043	00001354	0	143	220	110	05	10	18
044	00001355	0	143	220	110	05	10	18
045	00001356	0	143	220	110	05	10	18
046	00001357	0	144	220	110	05	10	18
047	00001358	0	144	220	110	05	10	18
048	00001359	0	144	220	110	05	10	18
049	00001360	0	145	220	110	05	10	18
050	00001361	0	145	220	110	05	10	18
051	00001362	0	145	220	110	05	10	18
052	00001363	0	146	220	110	05	10	18
053	00001364	0	146	220	110	05	10	18
054	00001365	0	146	220	110	05	10	18
055	00001366	0	147	220	110	05	10	18
056	00001367	0	147	220	110	05	10	18
057	00001368	0	148	220	110	05	10	18
058	00001369	0	148	220	110	05	10	18
059	00001370	0	148	220	110	05	10	18
060	00001371	0	148	220	110	05	10	18
061	00001372	0	149	220	110	05	10	18
062	00001373	0	149	220	110	05	10	18
063	00001374	0	149	220	110	05	10	18
064	00050000	0	150	220	110	05	10	99




LGM
129	00000847	0
130	00000848	0
131	00000849	0
132	00000850	0
133	00000851	0
134	00000852	0
135	00000853	0
136	00000854	0
137	00000855	0
138	00000856	0
139	00000857	0
140	00000858	0
141	00000859	0
142	00000860	0
143	00000861	0
144	00000862	0
145	00000863	0
146	00000864	0
147	00000865	0
148	00000866	0
149	00000867	0
150	00070000	0




SCM
010
USM
001	00001375	0	129	220	110	05	10	19
002	00001376	0	129	220	110	05	10	19
003	00001377	0	129	220	110	05	10	19
004	00001378	0	130	220	110	05	10	19
005	00001379	0	130	220	110	05	10	19
006	00001380	0	130	220	110	05	10	19
007	00001381	0	131	220	110	05	10	19
008	00001382	0	131	220	110	05	10	19
009	00001383	0	131	220	110	05	10	19
010	00001384	0	132	220	110	05	10	19
011	00001385	0	132	220	110	05	10	19
012	00001386	0	132	220	110	05	10	19
013	00001387	0	133	220	110	05	10	19
014	00001388	0	133	220	110	05	10	19
015	00001389	0	133	220	110	05	10	19
016	00001390	0	134	220	110	05	10	19
017	00001391	0	134	220	110	05	10	19
018	00001392	0	134	220	110	05	10	19
019	00001393	0	135	220	110	05	10	19
020	00001394	0	135	220	110	05	10	19
021	00001395	0	135	220	110	05	10	19
022	00001396	0	136	220	110	05	10	19
023	00001397	0	136	220	110	05	10	19
024	00001398	0	136	220	110	05	10	19
025	00001399	0	137	220	110	05	10	19
026	00001400	0	137	220	110	05	10	19
027	00001401	0	138	220	110	05	10	19
028	00001402	0	138	220	110	05	10	19
029	00001403	0	138	220	110	05	10	19
030	00001404	0	139	220	110	05	10	19
031	00001405	0	139	220	110	05	10	19
032	00001406	0	139	220	110	05	10	19
033	00001407	0	140	220	110	05	10	19
034	00001408	0	140	220	110	05	10	19
035	00001409	0	140	220	110	05	10	19
036	00001410	0	141	220	110	05	10	19
037	00001411	0	141	220	110	05	10	19
038	00001412	0	141	220	110	05	10	19
039	00001413	0	142	220	110	05	10	19
040	00001414	0	142	220	110	05	10	19
041	00001415	0	142	220	110	05	10	19
042	00001416	0	143	220	110	05	10	19
043	00001417	0	143	220	110	05	10	19
044	00001418	0	143	220	110	05	10	19
045	00001419	0	144	220	110	05	10	19
046	00001420	0	144	220	110	05	10	19
047	00001421	0	144	220	110	05	10	19
048	00050000	0	145	220	110	05	10	99
049	00050001	0	146	220	110	05	10	99
050	00050002	0	146	220	110	05	10	99



LGM
129	00000868	0
130	00000869	0
131	00000870	0
132	00000871	0
133	00000872	0
134	00000873	0
135	00000874	0
136	00000875	0
137	00000876	0
138	00000877	0
139	00000878	0
140	00000879	0
141	00000880	0
142	00000881	0
143	00000882	0
144	00000883	0
145	00070000	0
146	00070001	0
