SCM								
001								
USM								
001	00070002	0	129	250	100	05	10	99
002	00070003	0	129	250	100	05	10	99
003	00009646	0	129	250	100	05	10	1
004	00009647	0	129	250	100	05	10	1
005	00009648	0	129	250	100	05	10	1
006	00009649	0	129	250	100	05	10	1
007	00009650	0	129	250	100	05	10	1
008	00009651	0	129	250	100	05	10	1
009	00009652	0	129	250	100	05	10	1
010	00009653	0	129	250	100	05	10	1
011	00009654	0	129	250	100	05	10	1
012	00009655	0	129	250	100	05	10	1
013	00009656	0	129	250	100	05	10	1
014	00009657	0	129	250	100	05	10	1
015	00009658	0	129	250	100	05	10	1
016	00009659	0	129	250	100	05	10	1
017	00009660	0	129	250	100	05	10	1
018	00009661	0	129	250	100	05	10	1
019	00009662	0	129	250	100	05	10	1
020	00009663	0	129	250	100	05	10	1
021	00009664	0	129	250	100	05	10	1
022	00009665	0	129	250	100	05	10	1
023	00009666	5	129	250	100	05	10	1
024	00009667	5	129	250	100	05	10	1
025	00009668	0	129	250	100	05	10	3
026	00009669	0	130	250	100	05	10	3
027	00009670	0	130	250	100	05	10	3
028	00009671	5	130	250	100	05	10	3
029	00009672	5	130	250	100	05	10	3
030	00009673	0	130	250	100	05	10	3
031	00009674	0	130	250	100	05	10	3
032	00009675	0	130	250	100	05	10	3
033	00009676	0	130	250	100	05	10	3
034	00009677	0	130	250	100	05	10	3
035	00009678	0	130	250	100	05	10	3
036	00009679	0	130	250	100	05	10	3
037	00009680	0	130	250	100	05	10	3
038	00009681	0	130	250	100	05	10	3
039	00009682	0	130	250	100	05	10	3
040	00009683	0	130	250	100	05	10	3
041	00009684	0	130	250	100	05	10	3
042	00009685	0	130	250	100	05	10	3
043	00009686	0	130	250	100	05	10	3
044	00009687	0	130	250	100	05	10	3
045	00009688	0	130	250	100	05	10	3
046	00009689	0	130	250	100	05	10	3
047	00009690	0	130	250	100	05	10	3
048	00009691	0	130	250	100	05	10	3
049	00009692	0	130	250	100	05	10	3
050	00009693	0	130	250	100	05	10	3
051	00009694	0	130	250	100	05	10	3
052	00009695	0	130	250	100	05	10	3
053	00009696	0	130	250	100	05	10	1
054	00009697	0	130	250	100	05	10	1
055	00009698	0	130	250	100	05	10	1
056	00009699	0	130	250	100	05	10	1
057	00009700	0	130	250	100	05	10	1
058	00009701	0	130	250	100	05	10	1
059	00009702	0	130	250	100	05	10	1
060	00009703	0	130	250	100	05	10	1
061	00009704	0	130	250	100	05	10	1
062	00009705	0	130	250	100	05	10	1
063	00009706	0	130	250	100	05	10	1
064	00009707	0	130	250	100	05	10	1
065	00009708	0	130	250	100	05	10	1
066	00070000	0	130	250	100	05	10	99
067	00070001	0	130	250	100	05	10	99
								
LGM								
129	00070001	0						
130	00070002	0						
        								
SCM     								
002								
USM     								
001	00009709	0	129	250	100	05	10	2
002	00009710	0	129	250	100	05	10	2
003	00009711	0	129	250	100	05	10	2
004	00009712	0	129	250	100	05	10	2
005	00009713	0	129	250	100	05	10	2
006	00009714	0	129	250	100	05	10	2
007	00009715	0	129	250	100	05	10	2
008	00009716	0	129	250	100	05	10	2
009	00009717	0	129	250	100	05	10	2
010	00009718	0	129	250	100	05	10	2
011	00009719	0	129	250	100	05	10	2
012	00009720	0	129	250	100	05	10	2
013	00009721	0	129	250	100	05	10	2
014	00009722	0	129	250	100	05	10	2
015	00009723	0	129	250	100	05	10	2
016	00009724	0	129	250	100	05	10	2
017	00009725	0	129	250	100	05	10	2
018	00009726	0	129	250	100	05	10	2
019	00009727	0	129	250	100	05	10	2
020	00009728	0	129	250	100	05	10	2
021	00009729	0	129	250	100	05	10	2
022	00009730	0	129	250	100	05	10	2
023	00009731	5	129	250	100	05	10	2
024	00009732	5	129	250	100	05	10	2
025	00009733	0	129	250	100	05	10	2
026	00009734	0	130	250	100	05	10	2
027	00009735	0	130	250	100	05	10	2
028	00009736	5	130	250	100	05	10	2
029	00009737	5	130	250	100	05	10	2
030	00009738	0	130	250	100	05	10	3
031	00009739	0	130	250	100	05	10	3
032	00009740	0	130	250	100	05	10	3
033	00009741	0	130	250	100	05	10	3
034	00009742	0	130	250	100	05	10	3
035	00009743	0	130	250	100	05	10	3
036	00009744	0	130	250	100	05	10	3
037	00009745	0	130	250	100	05	10	3
038	00009746	0	130	250	100	05	10	3
039	00009747	0	130	250	100	05	10	3
040	00009748	0	130	250	100	05	10	3
041	00009749	0	130	250	100	05	10	3
042	00009750	0	130	250	100	05	10	3
043	00009751	0	130	250	100	05	10	3
044	00009752	0	130	250	100	05	10	3
045	00009753	0	130	250	100	05	10	2
046	00009754	0	130	250	100	05	10	2
047	00009755	0	130	250	100	05	10	2
048	00009756	0	130	250	100	05	10	2
049	00009757	0	130	250	100	05	10	2
050	00009758	0	130	250	100	05	10	2
051	00009759	0	130	250	100	05	10	2
052	00009760	0	130	250	100	05	10	2
053	00009761	0	130	250	100	05	10	2
054	00009762	0	130	250	100	05	10	2
055	00009763	0	130	250	100	05	10	2
056	00009764	0	130	250	100	05	10	2
057	00009765	0	130	250	100	05	10	2
058	00009766	0	130	250	100	05	10	2
059	00009767	0	130	250	100	05	10	2
060	00009644	0	130	250	100	05	10	2
061	00009645	0	130	250	100	05	10	2
062	00070000	0	130	250	100	05	10	99
063	00070001	0	130	250	100	05	10	99
064	00070002	0	130	250	100	05	10	99
								
LGM								
129	00070001	0						
130	00070002	0						
								
SCM								
003								
USM								
001	00009768	0	129	250	100	05	10	4
002	00009769	0	129	250	100	05	10	4
003	00009770	0	129	250	100	05	10	4
004	00009771	0	129	250	100	05	10	4
005	00009772	0	129	250	100	05	10	4
006	00009773	0	129	250	100	05	10	4
007	00009774	0	129	250	100	05	10	4
008	00009775	0	129	250	100	05	10	4
009	00009776	0	129	250	100	05	10	4
010	00009777	0	129	250	100	05	10	4
011	00009778	0	129	250	100	05	10	4
012	00009779	0	129	250	100	05	10	4
013	00009780	0	129	250	100	05	10	4
014	00009781	0	129	250	100	05	10	4
015	00009782	0	129	250	100	05	10	4
016	00009783	0	129	250	100	05	10	4
017	00009784	0	129	250	100	05	10	4
018	00009785	0	129	250	100	05	10	4
019	00009786	0	129	250	100	05	10	4
020	00009787	0	129	250	100	05	10	4
021	00009788	0	129	250	100	05	10	4
022	00009789	0	129	250	100	05	10	4
023	00009790	5	129	250	100	05	10	4
024	00009791	5	129	250	100	05	10	4
025	00009792	0	129	250	100	05	10	4
026	00009793	0	130	250	100	05	10	4
027	00009794	0	130	250	100	05	10	4
028	00009795	5	130	250	100	05	10	4
029	00009796	5	130	250	100	05	10	4
030	00009797	0	130	250	100	05	10	4
031	00009798	0	130	250	100	05	10	4
032	00009799	0	130	250	100	05	10	4
033	00009800	0	130	250	100	05	10	4
034	00009801	0	130	250	100	05	10	4
035	00009802	0	130	250	100	05	10	4
036	00009803	0	130	250	100	05	10	4
037	00009804	0	130	250	100	05	10	4
038	00009805	0	130	250	100	05	10	4
039	00009806	0	130	250	100	05	10	4
040	00009807	0	130	250	100	05	10	4
041	00009808	0	130	250	100	05	10	4
042	00009809	0	130	250	100	05	10	4
043	00009810	0	130	250	100	05	10	4
044	00009811	0	130	250	100	05	10	4
045	00009812	0	130	250	100	05	10	4
046	00009813	0	130	250	100	05	10	4
047	00009814	0	130	250	100	05	10	4
048	00009815	0	130	250	100	05	10	4
049	00009816	0	130	250	100	05	10	4
050	00009817	0	130	250	100	05	10	4
051	00009818	0	130	250	100	05	10	4
052	00009819	0	130	250	100	05	10	4
053	00009820	0	130	250	100	05	10	4
054	00009821	0	130	250	100	05	10	4
055	00009822	0	130	250	100	05	10	4
056	00009823	0	130	250	100	05	10	4
057	00009824	0	130	250	100	05	10	4
058	00009825	0	130	250	100	05	10	4
059	00009826	0	130	250	100	05	10	4
060	00009827	0	130	250	100	05	10	4
061	00009828	0	130	250	100	05	10	4
062	00009829	0	130	250	100	05	10	4
063	00009830	0	130	250	100	05	10	4
064	00009831	0	130	250	100	05	10	4
065	00070000	0	130	250	100	05	10	99
066	00070001	0	130	250	100	05	10	99
								
LGM								
129	00070001	0						
130	00070002	0						
								
SCM								
004								
USM								
001	00009832	0	129	250	100	05	10	3
002	00009833	0	129	250	100	05	10	3
003	00009834	0	129	250	100	05	10	3
004	00009835	0	129	250	100	05	10	3
005	00009836	0	129	250	100	05	10	3
006	00009837	0	129	250	100	05	10	3
007	00009838	0	129	250	100	05	10	3
008	00009839	0	129	250	100	05	10	3
009	00009840	0	129	250	100	05	10	3
010	00009841	0	129	250	100	05	10	3
011	00009842	0	129	250	100	05	10	3
012	00009843	0	129	250	100	05	10	3
013	00009844	0	129	250	100	05	10	3
014	00009845	0	129	250	100	05	10	3
015	00009846	0	129	250	100	05	10	4
016	00009847	0	129	250	100	05	10	4
017	00009848	0	129	250	100	05	10	4
018	00009849	0	129	250	100	05	10	4
019	00009850	0	129	250	100	05	10	4
020	00009851	0	129	250	100	05	10	3
021	00009852	0	129	250	100	05	10	3
022	00009853	0	129	250	100	05	10	4
023	00009854	5	129	250	100	05	10	4
024	00009855	5	129	250	100	05	10	4
025	00009856	0	129	250	100	05	10	4
026	00009857	0	130	250	100	05	10	4
027	00009858	0	130	250	100	05	10	4
028	00009859	5	130	250	100	05	10	4
029	00009860	5	130	250	100	05	10	4
030	00009861	0	130	250	100	05	10	4
031	00009862	0	130	250	100	05	10	4
032	00009863	0	130	250	100	05	10	4
033	00009864	0	130	250	100	05	10	4
034	00009865	0	130	250	100	05	10	4
035	00009866	0	130	250	100	05	10	4
036	00009867	0	130	250	100	05	10	4
037	00009868	0	130	250	100	05	10	4
038	00009869	0	130	250	100	05	10	4
039	00009870	0	130	250	100	05	10	4
040	00009871	0	130	250	100	05	10	4
041	00009872	0	130	250	100	05	10	4
042	00009873	0	130	250	100	05	10	4
043	00009874	0	130	250	100	05	10	4
044	00009875	0	130	250	100	05	10	4
045	00009876	0	130	250	100	05	10	4
046	00009877	0	130	250	100	05	10	4
047	00009878	0	130	250	100	05	10	4
048	00009879	0	130	250	100	05	10	4
049	00009880	0	130	250	100	05	10	4
050	00009881	0	130	250	100	05	10	4
051	00009882	0	130	250	100	05	10	4
052	00009883	0	130	250	100	05	10	4
053	00009884	0	130	250	100	05	10	4
054	00009885	0	130	250	100	05	10	4
055	00009886	0	130	250	100	05	10	4
056	00009887	0	130	250	100	05	10	4
057	00009888	0	130	250	100	05	10	4
058	00009889	0	130	250	100	05	10	4
059	00009890	0	130	250	100	05	10	4
060	00070000	0	130	250	100	05	10	99
061	00070001	0	130	250	100	05	10	99
062	00070002	0	130	250	100	05	10	99
								
LGM								
129	00070001	0						
130	00070002	0						
								
SCM								
005								
USM								
001	00009891	0	129	250	100	05	10	5
002	00009892	0	129	250	100	05	10	5
003	00009893	0	129	250	100	05	10	5
004	00009894	0	129	250	100	05	10	5
005	00009895	0	129	250	100	05	10	5
006	00009896	0	129	250	100	05	10	5
007	00009897	0	129	250	100	05	10	5
008	00009898	0	129	250	100	05	10	7
009	00009899	0	129	250	100	05	10	7
010	00009900	0	129	250	100	05	10	7
011	00009901	0	129	250	100	05	10	7
012	00009902	0	129	250	100	05	10	7
013	00009903	0	129	250	100	05	10	7
014	00009904	0	129	250	100	05	10	7
015	00009905	0	129	250	100	05	10	7
016	00009906	0	129	250	100	05	10	7
017	00009907	0	129	250	100	05	10	7
018	00009908	0	129	250	100	05	10	7
019	00009909	0	129	250	100	05	10	7
020	00009910	0	129	250	100	05	10	7
021	00009911	0	129	250	100	05	10	7
022	00009912	0	129	250	100	05	10	7
023	00009913	5	129	250	100	05	10	7
024	00009914	5	129	250	100	05	10	7
025	00009915	0	129	250	100	05	10	7
026	00009916	0	130	250	100	05	10	7
027	00009917	0	130	250	100	05	10	7
028	00009918	5	130	250	100	05	10	7
029	00009919	5	130	250	100	05	10	7
030	00009920	0	130	250	100	05	10	7
031	00009921	0	130	250	100	05	10	7
032	00009922	0	130	250	100	05	10	7
033	00009923	0	130	250	100	05	10	7
034	00009924	0	130	250	100	05	10	7
035	00009925	0	130	250	100	05	10	7
036	00009926	0	130	250	100	05	10	7
037	00009927	0	130	250	100	05	10	7
038	00009928	0	130	250	100	05	10	7
039	00009929	0	130	250	100	05	10	7
040	00009930	0	130	250	100	05	10	7
041	00009931	0	130	250	100	05	10	7
042	00009932	0	130	250	100	05	10	7
043	00009933	0	130	250	100	05	10	5
044	00009934	0	130	250	100	05	10	5
045	00009935	0	130	250	100	05	10	5
046	00009936	0	130	250	100	05	10	5
047	00009937	0	130	250	100	05	10	5
048	00009938	0	130	250	100	05	10	5
049	00009939	0	130	250	100	05	10	5
050	00009940	0	130	250	100	05	10	5
051	00009941	0	130	250	100	05	10	5
052	00009942	0	130	250	100	05	10	5
053	00009943	0	130	250	100	05	10	5
054	00009944	0	130	250	100	05	10	5
055	00009945	0	130	250	100	05	10	5
056	00009946	0	130	250	100	05	10	5
057	00009947	0	130	250	100	05	10	5
058	00009948	0	130	250	100	05	10	5
059	00009949	0	130	250	100	05	10	5
060	00009950	0	130	250	100	05	10	5
061	00009951	0	130	250	100	05	10	5
062	00070000	0	130	250	100	05	10	99
063	00070001	0	130	250	100	05	10	99
064	00070002	0	130	250	100	05	10	99
								
LGM								
129	00070001	0						
130	00070002	0						
								
SCM								
006								
USM								
001	00009952	0	129	250	100	05	10	6
002	00009953	0	129	250	100	05	10	6
003	00009954	0	129	250	100	05	10	6
004	00009955	0	129	250	100	05	10	6
005	00009956	0	129	250	100	05	10	6
006	00009957	0	129	250	100	05	10	6
007	00009958	0	129	250	100	05	10	6
008	00009959	0	129	250	100	05	10	6
009	00009960	0	129	250	100	05	10	6
010	00009961	0	129	250	100	05	10	6
011	00009962	0	129	250	100	05	10	6
012	00009963	0	129	250	100	05	10	6
013	00009964	0	129	250	100	05	10	6
014	00009965	0	129	250	100	05	10	6
015	00009966	0	129	250	100	05	10	6
016	00009967	0	129	250	100	05	10	6
017	00009968	0	129	250	100	05	10	6
018	00009969	0	129	250	100	05	10	6
019	00009970	0	129	250	100	05	10	6
020	00009971	0	129	250	100	05	10	6
021	00009972	0	129	250	100	05	10	6
022	00009973	0	129	250	100	05	10	6
023	00009974	5	129	250	100	05	10	6
024	00009975	5	129	250	100	05	10	6
025	00009976	0	129	250	100	05	10	6
026	00009977	0	130	250	100	05	10	6
027	00009978	0	130	250	100	05	10	7
028	00009979	5	130	250	100	05	10	7
029	00009980	5	130	250	100	05	10	7
030	00009981	0	130	250	100	05	10	7
031	00009982	0	130	250	100	05	10	7
032	00009983	0	130	250	100	05	10	7
033	00009984	0	130	250	100	05	10	7
034	00009985	0	130	250	100	05	10	7
035	00009986	0	130	250	100	05	10	7
036	00009987	0	130	250	100	05	10	7
037	00009988	0	130	250	100	05	10	7
038	00009989	0	130	250	100	05	10	7
039	00009990	0	130	250	100	05	10	7
040	00009991	0	130	250	100	05	10	6
041	00009992	0	130	250	100	05	10	6
042	00009993	0	130	250	100	05	10	6
043	00009994	0	130	250	100	05	10	6
044	00009995	0	130	250	100	05	10	6
045	00009996	0	130	250	100	05	10	6
046	00009997	0	130	250	100	05	10	6
047	00009998	0	130	250	100	05	10	6
048	00009999	0	130	250	100	05	10	6
049	00010000	0	130	250	100	05	10	6
050	00010001	0	130	250	100	05	10	6
051	00010002	0	130	250	100	05	10	6
052	00010003	0	130	250	100	05	10	6
053	00010004	0	130	250	100	05	10	6
054	00010005	0	130	250	100	05	10	6
055	00010006	0	130	250	100	05	10	6
056	00010007	0	130	250	100	05	10	6
057	00010008	0	130	250	100	05	10	6
058	00010196	0	130	250	100	05	10	6
059	00070000	0	130	250	100	05	10	99
060	00070001	0	130	250	100	05	10	99
								
								
LGM								
129	00070001	0						
130	00070002	0						
								
SCM								
007								
USM								
001	00010009	0	129	250	100	05	10	7
002	00010010	0	129	250	100	05	10	7
003	00010011	0	129	250	100	05	10	7
004	00010012	0	129	250	100	05	10	7
005	00010013	0	129	250	100	05	10	7
006	00010014	0	129	250	100	05	10	7
007	00010015	0	129	250	100	05	10	7
008	00010016	0	129	250	100	05	10	7
009	00010017	0	129	250	100	05	10	7
010	00010018	0	129	250	100	05	10	7
011	00010019	0	129	250	100	05	10	7
012	00010020	0	129	250	100	05	10	7
013	00010021	0	129	250	100	05	10	7
014	00010022	0	129	250	100	05	10	7
015	00010023	0	129	250	100	05	10	7
016	00010024	0	129	250	100	05	10	7
017	00010025	0	129	250	100	05	10	7
018	00010026	0	129	250	100	05	10	8
019	00010027	0	129	250	100	05	10	8
020	00010028	0	129	250	100	05	10	8
021	00010029	0	129	250	100	05	10	8
022	00010030	0	129	250	100	05	10	8
023	00010031	5	129	250	100	05	10	8
024	00010032	5	129	250	100	05	10	8
025	00010033	0	129	250	100	05	10	8
026	00010034	0	130	250	100	05	10	8
027	00010035	0	130	250	100	05	10	8
028	00010036	5	130	250	100	05	10	8
029	00010037	5	130	250	100	05	10	8
030	00010038	0	130	250	100	05	10	8
031	00010039	0	130	250	100	05	10	8
032	00010040	0	130	250	100	05	10	8
033	00010041	0	130	250	100	05	10	8
034	00010042	0	130	250	100	05	10	8
035	00010043	0	130	250	100	05	10	7
036	00010044	0	130	250	100	05	10	7
037	00010045	0	130	250	100	05	10	7
038	00010046	0	130	250	100	05	10	7
039	00010047	0	130	250	100	05	10	7
040	00010048	0	130	250	100	05	10	8
041	00010049	0	130	250	100	05	10	8
042	00010050	0	130	250	100	05	10	8
043	00010051	0	130	250	100	05	10	8
044	00010052	0	130	250	100	05	10	8
045	00010053	0	130	250	100	05	10	8
046	00010054	0	130	250	100	05	10	8
047	00010055	0	130	250	100	05	10	8
048	00010056	0	130	250	100	05	10	8
049	00010057	0	130	250	100	05	10	9
050	00010058	0	130	250	100	05	10	9
051	00010059	0	130	250	100	05	10	9
052	00010060	0	130	250	100	05	10	9
053	00010061	0	130	250	100	05	10	9
054	00010062	0	130	250	100	05	10	9
055	00010063	0	130	250	100	05	10	9
056	00010064	0	130	250	100	05	10	9
057	00010065	0	130	250	100	05	10	9
058	00070000	0	130	250	100	05	10	99
059	00070001	0	130	250	100	05	10	99
060	00070002	0	130	250	100	05	10	99
								
LGM								
129	00070001	0						
130	00070002	0						
								
SCM								
008								
USM								
001	00010066	0	129	250	100	05	10	9
002	00010067	0	129	250	100	05	10	9
003	00010068	0	129	250	100	05	10	9
004	00010069	0	129	250	100	05	10	9
005	00010070	0	129	250	100	05	10	8
006	00010071	0	129	250	100	05	10	8
007	00010072	0	129	250	100	05	10	8
008	00010073	0	129	250	100	05	10	8
009	00010074	0	129	250	100	05	10	8
010	00010075	0	129	250	100	05	10	8
011	00010076	0	129	250	100	05	10	8
012	00010077	0	129	250	100	05	10	8
013	00010078	0	129	250	100	05	10	8
014	00010079	0	129	250	100	05	10	8
015	00010080	0	129	250	100	05	10	8
016	00010081	0	129	250	100	05	10	8
017	00010082	0	129	250	100	05	10	8
018	00010083	0	129	250	100	05	10	8
019	00010084	0	129	250	100	05	10	8
020	00010085	0	129	250	100	05	10	8
021	00010086	0	129	250	100	05	10	8
022	00010087	0	129	250	100	05	10	8
023	00010088	5	129	250	100	05	10	8
024	00010089	5	129	250	100	05	10	8
025	00010090	0	129	250	100	05	10	8
026	00010091	0	130	250	100	05	10	8
027	00010092	0	130	250	100	05	10	8
028	00010093	5	130	250	100	05	10	8
029	00010094	5	130	250	100	05	10	8
030	00010095	0	130	250	100	05	10	8
031	00010096	0	130	250	100	05	10	8
032	00010097	0	130	250	100	05	10	8
033	00010098	0	130	250	100	05	10	8
034	00010099	0	130	250	100	05	10	8
035	00010100	0	130	250	100	05	10	8
036	00010101	0	130	250	100	05	10	8
037	00010102	0	130	250	100	05	10	8
038	00010103	0	130	250	100	05	10	9
039	00010104	0	130	250	100	05	10	9
040	00010105	0	130	250	100	05	10	9
041	00010106	0	130	250	100	05	10	9
042	00010107	0	130	250	100	05	10	9
043	00010108	0	130	250	100	05	10	9
044	00010109	0	130	250	100	05	10	9
045	00010110	0	130	250	100	05	10	9
046	00010111	0	130	250	100	05	10	9
047	00010112	0	130	250	100	05	10	9
048	00010113	0	130	250	100	05	10	9
049	00010114	0	130	250	100	05	10	9
050	00010115	0	130	250	100	05	10	9
051	00010116	0	130	250	100	05	10	9
052	00010117	0	130	250	100	05	10	9
053	00010118	0	130	250	100	05	10	9
054	00010119	0	130	250	100	05	10	9
055	00010120	0	130	250	100	05	10	9
056	00010121	0	130	250	100	05	10	9
057	00010122	0	130	250	100	05	10	9
058	00010123	0	130	250	100	05	10	9
059	00010124	0	130	250	100	05	10	9
060	00010125	0	130	250	100	05	10	9
061	00010126	0	130	250	100	05	10	9
062	00010127	0	130	250	100	05	10	9
063	00010128	0	130	250	100	05	10	9
064	00070000	0	130	250	100	05	10	99
065	00070001	0	130	250	100	05	10	99
066	00070002	0	130	250	100	05	10	99
								
LGM								
129	00070001	0						
130	00070002	0						
								
SCM								
009								
USM								
001	00010129	0	129	250	100	05	10	9
002	00010130	0	129	250	100	05	10	9
003	00010131	0	129	250	100	05	10	9
004	00010132	0	129	250	100	05	10	9
005	00010133	0	129	250	100	05	10	9
006	00010134	0	129	250	100	05	10	9
007	00010135	0	129	250	100	05	10	9
008	00010136	0	129	250	100	05	10	9
009	00010137	0	129	250	100	05	10	9
010	00010138	0	129	250	100	05	10	9
011	00010139	0	129	250	100	05	10	9
012	00010140	0	129	250	100	05	10	9
013	00010141	0	129	250	100	05	10	9
014	00010142	0	129	250	100	05	10	9
015	00010143	0	129	250	100	05	10	9
016	00010144	0	129	250	100	05	10	9
017	00010145	0	129	250	100	05	10	9
018	00010146	0	129	250	100	05	10	9
019	00010147	0	129	250	100	05	10	9
020	00010148	0	129	250	100	05	10	9
021	00010149	0	129	250	100	05	10	9
022	00010150	0	129	250	100	05	10	9
023	00010151	5	129	250	100	05	10	9
024	00010152	5	129	250	100	05	10	9
025	00010153	0	129	250	100	05	10	9
026	00010154	0	130	250	100	05	10	9
027	00010155	0	130	250	100	05	10	9
028	00010156	5	130	250	100	05	10	9
029	00010157	5	130	250	100	05	10	9
030	00010158	0	130	250	100	05	10	9
031	00010159	0	130	250	100	05	10	9
032	00010160	0	130	250	100	05	10	9
033	00010161	0	130	250	100	05	10	9
034	00010162	0	130	250	100	05	10	9
035	00010163	0	130	250	100	05	10	9
036	00010164	0	130	250	100	05	10	9
037	00010165	0	130	250	100	05	10	9
038	00010166	0	130	250	100	05	10	9
039	00010167	0	130	250	100	05	10	9
040	00010168	0	130	250	100	05	10	9
041	00010169	0	130	250	100	05	10	9
042	00010170	0	130	250	100	05	10	9
043	00010171	0	130	250	100	05	10	9
044	00010172	0	130	250	100	05	10	9
045	00010173	0	130	250	100	05	10	9
046	00010174	0	130	250	100	05	10	9
047	00010175	0	130	250	100	05	10	9
048	00010176	0	130	250	100	05	10	9
049	00010177	0	130	250	100	05	10	9
050	00010178	0	130	250	100	05	10	9
051	00010179	0	130	250	100	05	10	9
052	00010180	0	130	250	100	05	10	9
053	00010181	0	130	250	100	05	10	9
054	00010182	0	130	250	100	05	10	9
055	00010183	0	130	250	100	05	10	9
056	00010184	0	130	250	100	05	10	9
057	00010185	0	130	250	100	05	10	9
058	00010186	0	130	250	100	05	10	9
059	00010187	0	130	250	100	05	10	9
060	00010188	0	130	250	100	05	10	9
061	00010189	0	130	250	100	05	10	9
062	00010190	0	130	250	100	05	10	9
063	00010191	0	130	250	100	05	10	9
064	00010192	0	130	250	100	05	10	9
065	00010193	0	130	250	100	05	10	9
066	00010194	0	130	250	100	05	10	9
067	00070001	0	130	250	100	05	10	99
068	00070002	0	130	250	100	05	10	99
								
LGM								
129	00070001	0						
130	00070002	0						
