SCM								
001								
USM								
001	00002986	0	129	250	110	10	03	1
002	00000238	0	129	250	110	10	03	1
003	00000239	0	130	250	110	10	03	1
004	00000240	0	130	250	110	10	03	1
005	00000241	0	131	250	110	10	03	1
006	00000242	0	131	250	110	10	03	1
007	00000243	0	131	250	110	10	03	1
008	00000244	0	132	250	110	10	03	1
009	00000245	0	132	250	110	10	03	1
010	00000246	0	133	250	110	10	03	1
011	00000247	0	133	250	110	10	03	1
012	00000248	0	133	250	110	10	03	1
013	00000249	0	134	250	110	10	03	1
014	00000250	0	134	250	110	10	03	1
015	00000251	0	134	250	110	10	03	1
016	00000252	0	135	250	110	10	03	1
017	00000253	0	135	250	110	10	03	1
018	00000254	0	135	250	110	10	03	1
019	00000255	0	136	250	110	10	03	1
020	00000256	0	136	250	110	10	03	1
021	00000257	0	136	250	110	10	03	1
022	00000258	0	137	250	110	10	03	1
023	00000259	0	137	250	110	10	03	1
024	00000260	0	137	250	110	10	03	1
025	00000261	0	138	250	110	10	03	1
026	00000262	0	138	250	110	10	03	1
027	00000263	0	138	250	110	10	03	1
028	00000264	0	139	250	110	10	03	1
029	00000265	0	139	250	110	10	03	1
030	00000266	0	139	250	110	10	03	1
031	00000267	0	140	250	110	10	03	1
032	00000268	0	140	250	110	10	03	1
033	00000269	0	140	250	110	10	03	1
034	00000270	0	141	250	110	10	03	1
035	00000271	0	141	250	110	10	03	1
036	00000272	0	141	250	110	10	03	1
037	00000273	0	141	250	110	10	03	1
038	00000274	0	142	250	110	10	03	1
039	00000275	0	142	250	110	10	03	1
040	00000276	0	142	250	110	10	03	1
041	00000277	0	142	250	110	10	03	1
042	00000278	0	142	250	110	10	03	1
043	00000279	0	143	250	110	10	03	1
044	00000280	0	143	250	110	10	03	1
045	00000281	0	144	250	110	10	03	1
046	00000282	0	144	250	110	10	03	1
047	00000283	0	144	250	110	10	03	1
048	00000284	0	145	250	110	10	03	1
049	00000285	0	145	250	110	10	03	1
050	00000286	0	146	250	110	10	03	1
051	00000287	0	146	250	110	10	03	1
052	00000288	0	146	250	110	10	03	1
053	00000289	0	147	250	110	10	03	1
054	00000290	0	147	250	110	10	03	1
055	00000291	0	147	250	110	10	03	1
056	00000292	0	147	250	110	10	03	1
057	00000293	0	148	250	110	10	03	1
058	00000294	0	148	250	110	10	03	1
059	00000295	0	149	250	110	10	03	1
060	00000296	0	149	250	110	10	03	1
061	00000297	0	149	250	110	10	03	1
062	00000298	0	150	250	110	10	03	1
063	00000299	0	150	250	110	10	03	1
064	00000300	0	150	250	110	10	03	1
065	00000301	0	151	250	110	10	03	1
066	00000302	0	151	250	110	10	03	1
067	00000303	0	151	250	110	10	03	1
068	00050000	0	152	250	110	10	03	99
								
								
								
								
LGM								
129	00002221	0						
130	00002222	0						
131	00000473	0						
132	00000474	0						
133	00000475	0						
134	00000476	0						
135	00000477	0						
136	00000478	0						
137	00000479	0						
138	00000480	0						
139	00000481	0						
140	00000482	0						
141	00000483	0						
142	00000484	0						
143	00000485	0						
144	00000486	0						
145	00002224	0						
146	00002225	0						
147	00000489	0						
148	00002223	0						
149	00000491	0						
150	00000492	0						
151	00000493	0						
152	00070000	0						
								
SCM								
002								
USM								
001	00000304	0	129	250	110	10	03	1
002	00000305	0	129	250	110	10	03	1
003	00000306	0	129	250	110	10	03	1
004	00000307	0	130	250	110	10	03	1
005	00000308	0	130	250	110	10	03	1
006	00000309	0	130	250	110	10	03	1
007	00000310	0	131	250	110	10	03	1
008	00000311	0	131	250	110	10	03	1
009	00000312	0	131	250	110	10	03	1
010	00000313	0	132	250	110	10	03	1
011	00000314	0	132	250	110	10	03	1
012	00000315	0	132	250	110	10	03	1
013	00000316	0	133	250	110	10	03	1
014	00000317	0	133	250	110	10	03	1
015	00000318	0	133	250	110	10	03	1
016	00000319	0	134	250	110	10	03	1
017	00000320	0	134	250	110	10	03	1
018	00000321	0	134	250	110	10	03	1
019	00000322	0	135	250	110	10	03	1
020	00000323	0	135	250	110	10	03	1
021	00000324	0	135	250	110	10	03	1
022	00000325	0	135	250	110	10	03	1
023	00000326	0	136	250	110	10	03	1
024	00002987	0	136	250	110	10	03	1
025	00000328	0	137	250	110	10	03	1
026	00000329	0	137	250	110	10	03	1
027	00000330	0	138	250	110	10	03	1
028	00000331	0	138	250	110	10	03	1
029	00000332	0	139	250	110	10	03	1
030	00000333	0	139	250	110	10	03	1
031	00000334	0	140	250	110	10	03	1
032	00000335	0	141	250	110	10	03	1
033	00000336	0	141	250	110	10	03	1
034	00000337	0	141	250	110	10	03	1
035	00000338	0	142	250	110	10	03	1
036	00000339	0	142	250	110	10	03	1
037	00000340	0	142	250	110	10	03	1
038	00000341	0	143	250	110	10	03	1
039	00000342	0	143	250	110	10	03	1
040	00000343	0	143	250	110	10	03	1
041	00000344	0	144	250	110	10	03	1
042	00000345	0	144	250	110	10	03	1
043	00000346	0	144	250	110	10	03	1
044	00000347	0	145	250	110	10	03	1
045	00000348	0	145	250	110	10	03	1
046	00000349	0	145	250	110	10	03	1
047	00000350	0	145	250	110	10	03	1
048	00000351	0	146	250	110	10	03	1
049	00000352	0	146	250	110	10	03	1
050	00000353	0	147	250	110	10	03	1
051	00000354	0	147	250	110	10	03	1
052	00000355	0	148	250	110	10	03	1
053	00000356	0	148	250	110	10	03	1
054	00000357	0	149	250	110	10	03	1
055	00000358	0	149	250	110	10	03	1
056	00000359	0	149	250	110	10	03	1
057	00000360	0	149	250	110	10	03	1
058	00000361	0	150	250	110	10	03	1
059	00000362	0	150	250	110	10	03	1
060	00050000	0	151	250	110	10	03	99
061	00050001	0	152	250	110	10	03	99
062	00050002	0	152	250	110	10	03	99
								
								
								
								
LGM								
129	00000494	0						
130	00000495	0						
131	00000496	0						
132	00000497	0						
133	00000498	0						
134	00000499	0						
135	00000500	0						
136	00000501	0						
137	00000502	0						
138	00002226	0						
139	00002227	0						
140	00002228	0						
141	00000506	0						
142	00000507	0						
143	00000508	0						
144	00000509	0						
145	00000510	0						
146	00002229	0						
147	00002230	0						
148	00000513	0						
149	00000514	0						
150	00000515	0						
151	00070000	0						
152	00070001	0						
								
								
								
								
SCM								
003								
USM								
001	00000363	0	129	250	110	10	03	2
002	00000364	0	130	250	110	10	03	2
003	00000365	0	130	250	110	10	03	2
004	00000366	0	130	250	110	10	03	2
005	00000367	0	131	250	110	10	03	2
006	00000368	0	131	250	110	10	03	2
007	00000369	0	131	250	110	10	03	2
008	00000370	0	132	250	110	10	03	2
009	00000371	0	132	250	110	10	03	2
010	00000372	0	132	250	110	10	03	2
011	00000373	0	133	250	110	10	03	2
012	00000374	0	133	250	110	10	03	2
013	00000375	0	133	250	110	10	03	2
014	00000376	0	134	250	110	10	03	2
015	00000377	0	134	250	110	10	03	2
016	00000378	0	134	250	110	10	03	2
017	00000379	0	135	250	110	10	03	2
018	00000380	0	135	250	110	10	03	2
019	00000381	0	135	250	110	10	03	2
020	00000382	0	136	250	110	10	03	2
021	00000383	0	136	250	110	10	03	2
022	00000384	0	136	250	110	10	03	2
023	00000385	0	137	250	110	10	03	2
024	00000386	0	137	250	110	10	03	2
025	00000387	0	137	250	110	10	03	2
026	00000388	0	138	250	110	10	03	2
027	00000389	0	138	250	110	10	03	2
028	00000390	0	138	250	110	10	03	2
029	00000391	0	139	250	110	10	03	2
030	00000392	0	139	250	110	10	03	2
031	00000393	0	140	250	110	10	03	2
032	00000394	0	140	250	110	10	03	2
033	00000395	0	141	250	110	10	03	2
034	00000396	0	141	250	110	10	03	2
035	00000397	0	141	250	110	10	03	2
036	00000398	0	141	250	110	10	03	2
037	00000399	0	141	250	110	10	03	2
038	00000400	0	142	250	110	10	03	2
039	00000401	0	142	250	110	10	03	2
040	00000402	0	142	250	110	10	03	2
041	00000403	0	143	250	110	10	03	2
042	00000404	0	143	250	110	10	03	2
043	00000405	0	143	250	110	10	03	2
044	00000406	0	144	250	110	10	03	2
045	00000407	0	144	250	110	10	03	2
046	00000408	0	144	250	110	10	03	2
047	00000409	0	145	250	110	10	03	2
048	00000410	0	145	250	110	10	03	2
049	00000411	0	146	250	110	10	03	2
050	00000412	0	146	250	110	10	03	2
051	00000413	0	146	250	110	10	03	2
052	00000414	0	147	250	110	10	03	2
053	00000415	0	147	250	110	10	03	2
054	00000416	0	147	250	110	10	03	2
055	00000417	0	148	250	110	10	03	2
056	00000418	0	148	250	110	10	03	2
057	00000419	0	148	250	110	10	03	2
058	00000420	0	149	250	110	10	03	2
059	00000421	0	149	250	110	10	03	2
060	00000422	0	150	250	110	10	03	2
061	00000423	0	150	250	110	10	03	2
062	00000424	0	150	250	110	10	03	2
063	00000425	0	150	250	110	10	03	2
064	00000426	0	151	250	110	10	03	2
065	00000427	0	151	250	110	10	03	2
066	00050000	0	152	250	110	10	03	99
								
								
								
								
LGM								
129	00000516	0						
130	00000517	0						
131	00000518	0						
132	00000519	0						
133	00000520	0						
134	00000521	0						
135	00000522	0						
136	00000523	0						
137	00000524	0						
138	00000525	0						
139	00002231	0						
140	00002232	0						
141	00000528	0						
142	00000529	0						
143	00000530	0						
144	00000531	0						
145	00000532	0						
146	00000533	0						
147	00000534	0						
148	00000535	0						
149	00002233	0						
150	00002234	0						
151	00000538	0						
152	00070000	0						
								
								
								
								
SCM								
004								
USM								
001	00000428	0	129	250	110	10	03	2
002	00000429	0	129	250	110	10	03	2
003	00000430	0	129	250	110	10	03	2
004	00000431	0	130	250	110	10	03	2
005	00000432	0	130	250	110	10	03	2
006	00000433	0	130	250	110	10	03	2
007	00000434	0	131	250	110	10	03	2
008	00000435	0	131	250	110	10	03	2
009	00000436	0	132	250	110	10	03	2
010	00000437	0	132	250	110	10	03	2
011	00000438	0	133	250	110	10	03	2
012	00000439	0	133	250	110	10	03	2
013	00000440	0	133	250	110	10	03	2
014	00000441	0	134	250	110	10	03	2
015	00000442	0	134	250	110	10	03	2
016	00000443	0	134	250	110	10	03	2
017	00000444	0	135	250	110	10	03	2
018	00000445	0	135	250	110	10	03	2
019	00000446	0	136	250	110	10	03	2
020	00000447	0	136	250	110	10	03	2
021	00000448	0	136	250	110	10	03	2
022	00000449	0	137	250	110	10	03	2
023	00000450	0	137	250	110	10	03	2
024	00000451	0	138	250	110	10	03	2
025	00000452	0	138	250	110	10	03	2
026	00000453	0	139	250	110	10	03	2
027	00000454	0	139	250	110	10	03	2
028	00000455	0	139	250	110	10	03	2
029	00000456	0	140	250	110	10	03	2
030	00000457	0	140	250	110	10	03	2
031	00000458	0	140	250	110	10	03	2
032	00000459	0	141	250	110	10	03	2
033	00000460	0	141	250	110	10	03	2
034	00000461	0	141	250	110	10	03	2
035	00000462	0	142	250	110	10	03	2
036	00000463	0	142	250	110	10	03	2
037	00000464	0	142	250	110	10	03	2
038	00000465	0	143	250	110	10	03	2
039	00000466	0	143	250	110	10	03	2
040	00000467	0	143	250	110	10	03	2
041	00000468	0	144	250	110	10	03	2
042	00000469	0	144	250	110	10	03	2
043	00000470	0	144	250	110	10	03	2
044	00000471	0	145	250	110	10	03	2
045	00000472	0	145	250	110	10	03	2
046	00000473	0	145	250	110	10	03	2
047	00000474	0	146	250	110	10	03	2
048	00000475	0	146	250	110	10	03	2
049	00000476	0	147	250	110	10	03	2
050	00000477	0	147	250	110	10	03	2
051	00000478	0	147	250	110	10	03	2
052	00000479	0	147	250	110	10	03	2
053	00000480	0	148	250	110	10	03	2
054	00000481	0	148	250	110	10	03	2
055	00000482	0	148	250	110	10	03	2
056	00000483	0	149	250	110	10	03	2
057	00000484	0	149	250	110	10	03	2
058	00000485	0	149	250	110	10	03	2
059	00000486	0	150	250	110	10	03	2
060	00000487	0	150	250	110	10	03	2
061	00000488	0	150	250	110	10	03	2
062	00000489	0	150	250	110	10	03	4
063	00050000	0	151	250	110	10	03	99
064	00050001	0	152	250	110	10	03	99
								
								
								
								
LGM								
129	00000539	0						
130	00000540	0						
131	00002235	0						
132	00002236	0						
133	00000543	0						
134	00000544	0						
135	00000545	0						
136	00000546	0						
137	00000547	0						
138	00000548	0						
139	00000549	0						
140	00000550	0						
141	00000551	0						
142	00000552	0						
143	00000553	0						
144	00000554	0						
145	00002237	0						
146	00002238	0						
147	00002150	0						
148	00000558	0						
149	00000559	0						
150	00000560	0						
151	00070000	0						
152	00070001	0						
								
								
								
								
SCM								
005								
USM								
001	00000490	0	129	250	110	10	03	2
002	00000491	0	129	250	110	10	03	2
003	00000492	0	129	250	110	10	03	2
004	00000493	0	130	250	110	10	03	2
005	00000494	0	130	250	110	10	03	2
006	00000495	0	130	250	110	10	03	2
007	00000496	0	130	250	110	10	03	2
008	00000497	0	131	250	110	10	03	2
009	00000498	0	131	250	110	10	03	2
010	00000499	0	131	250	110	10	03	2
011	00000500	0	132	250	110	10	03	2
012	00000501	0	132	250	110	10	03	2
013	00000502	0	132	250	110	10	03	2
014	00000503	0	133	250	110	10	03	2
015	00000504	0	133	250	110	10	03	2
016	00000505	0	133	250	110	10	03	2
017	00000506	0	133	250	110	10	03	2
018	00000507	0	134	250	110	10	03	2
019	00000508	0	134	250	110	10	03	2
020	00000509	0	135	250	110	10	03	2
021	00000510	0	135	250	110	10	03	2
022	00000511	0	135	250	110	10	03	2
023	00000512	0	136	250	110	10	03	2
024	00000513	0	136	250	110	10	03	2
025	00000514	0	136	250	110	10	03	2
026	00000515	0	137	250	110	10	03	2
027	00000516	0	137	250	110	10	03	2
028	00000517	0	137	250	110	10	03	2
029	00000518	0	138	250	110	10	03	2
030	00000519	0	138	250	110	10	03	2
031	00000520	0	138	250	110	10	03	2
032	00000521	0	139	250	110	10	03	2
033	00000522	0	139	250	110	10	03	2
034	00000523	0	139	250	110	10	03	2
035	00000524	0	140	250	110	10	03	2
036	00000525	0	140	250	110	10	03	2
037	00000526	0	141	250	110	10	03	2
038	00000527	0	141	250	110	10	03	2
039	00000528	0	141	250	110	10	03	2
040	00000529	0	142	250	110	10	03	2
041	00000530	0	142	250	110	10	03	2
042	00000531	0	142	250	110	10	03	2
043	00000532	0	143	250	110	10	03	2
044	00000533	0	143	250	110	10	03	2
045	00000534	0	143	250	110	10	03	2
046	00000535	0	144	250	110	10	03	2
047	00000536	0	144	250	110	10	03	2
048	00000537	0	145	250	110	10	03	2
049	00000538	0	145	250	110	10	03	2
050	00000539	0	146	250	110	10	03	2
051	00000540	0	146	250	110	10	03	2
052	00000541	0	147	250	110	10	03	2
053	00000542	0	147	250	110	10	03	2
054	00000543	0	147	250	110	10	03	2
055	00000544	0	148	250	110	10	03	2
056	00000545	0	148	250	110	10	03	2
057	00000546	0	148	250	110	10	03	2
058	00000547	0	149	250	110	10	03	2
059	00000548	0	149	250	110	10	03	2
060	00000549	0	150	250	110	10	03	2
061	00000550	0	150	250	110	10	03	2
062	00000551	0	151	250	110	10	03	2
063	00000552	0	151	250	110	10	03	2
064	00000553	0	151	250	110	10	03	2
065	00000554	0	152	250	110	10	03	2
066	00000555	0	152	250	110	10	03	2
067	00000556	0	152	250	110	10	03	2
068	00000557	0	152	250	110	10	03	2
069	00050000	0	153	250	110	10	03	99
070	00050001	0	154	250	110	10	03	99
								
								
								
								
LGM								
129	00002239	0						
130	00000562	0						
131	00000563	0						
132	00000564	0						
133	00000565	0						
134	00000566	0						
135	00000567	0						
136	00000568	0						
137	00000569	0						
138	00000570	0						
139	00002240	0						
140	00002241	0						
141	00000573	0						
142	00000574	0						
143	00000575	0						
144	00002242	0						
145	00002243	0						
146	00000578	0						
147	00000579	0						
148	00000580	0						
149	00000581	0						
150	00000582	0						
151	00000583	0						
152	00000584	0						
153	00070000	0						
154	00070001	0						
								
								
								
								
SCM								
006								
USM								
001	00000558	0	129	250	110	10	03	2
002	00000559	0	129	250	110	10	03	2
003	00000560	0	129	250	110	10	03	2
004	00000561	0	130	250	110	10	03	2
005	00000562	0	130	250	110	10	03	2
006	00000563	0	130	250	110	10	03	2
007	00000564	0	131	250	110	10	03	2
008	00000565	0	131	250	110	10	03	2
009	00000566	0	131	250	110	10	03	2
010	00000567	0	132	250	110	10	03	2
011	00000568	0	132	250	110	10	03	2
012	00000569	0	132	250	110	10	03	2
013	00000570	0	133	250	110	10	03	2
014	00000571	0	133	250	110	10	03	2
015	00000572	0	134	250	110	10	03	2
016	00000573	0	134	250	110	10	03	2
017	00000574	0	135	250	110	10	03	2
018	00000575	0	135	250	110	10	03	2
019	00000576	0	135	250	110	10	03	2
020	00000577	0	136	250	110	10	03	2
021	00000578	0	136	250	110	10	03	2
022	00000579	0	136	250	110	10	03	2
023	00000580	0	137	250	110	10	03	2
024	00000581	0	137	250	110	10	03	2
025	00000582	0	137	250	110	10	03	2
026	00000583	0	138	250	110	10	03	2
027	00000584	0	138	250	110	10	03	2
028	00000585	0	138	250	110	10	03	2
029	00000586	0	139	250	110	10	03	2
030	00000587	0	139	250	110	10	03	2
031	00000588	0	140	250	110	10	03	2
032	00000589	0	140	250	110	10	03	2
033	00000590	0	140	250	110	10	03	2
034	00000591	0	141	250	110	10	03	2
035	00000592	0	141	250	110	10	03	2
036	00000593	0	141	250	110	10	03	2
037	00000594	0	142	250	110	10	03	2
038	00000595	0	142	250	110	10	03	2
039	00000596	0	142	250	110	10	03	2
040	00000597	0	143	250	110	10	03	2
041	00000598	0	143	250	110	10	03	2
042	00000599	0	143	250	110	10	03	2
043	00000600	0	144	250	110	10	03	2
044	00000601	0	144	250	110	10	03	2
045	00000602	0	145	250	110	10	03	2
046	00000603	0	145	250	110	10	03	2
047	00000604	0	145	250	110	10	03	2
048	00000605	0	146	250	110	10	03	2
049	00000606	0	146	250	110	10	03	2
050	00000607	0	146	250	110	10	03	2
051	00000608	0	147	250	110	10	03	2
052	00000609	0	147	250	110	10	03	2
053	00000610	0	147	250	110	10	03	2
054	00000611	0	148	250	110	10	03	2
055	00000612	0	148	250	110	10	03	2
056	00000613	0	148	250	110	10	03	2
057	00000614	0	149	250	110	10	03	2
058	00000615	0	149	250	110	10	03	2
059	00000616	0	149	250	110	10	03	2
060	00000617	0	149	250	110	10	03	2
061	00050000	0	150	250	110	10	03	99
062	00050001	0	150	250	110	10	03	99
								
								
								
								
LGM								
129	00000585	0						
130	00000586	0						
131	00000587	0						
132	00000588	0						
133	00000589	0						
134	00000590	0						
135	00000591	0						
136	00000592	0						
137	00000593	0						
138	00000594	0						
139	00000595	0						
140	00000596	0						
141	00000597	0						
142	00000598	0						
143	00000599	0						
144	00000600	0						
145	00000601	0						
146	00000602	0						
147	00000603	0						
148	00000604	0						
149	00000605	0						
150	00070000	0						
								
								
								
								
								
SCM								
007								
USM								
001	00000618	0	129	250	110	10	03	2
002	00000619	0	129	250	110	10	03	2
003	00000620	0	129	250	110	10	03	2
004	00000621	0	130	250	110	10	03	2
005	00000622	0	130	250	110	10	03	2
006	00000623	0	131	250	110	10	03	2
007	00000624	0	131	250	110	10	03	2
008	00000625	0	131	250	110	10	03	2
009	00000626	0	132	250	110	10	03	2
010	00000627	0	132	250	110	10	03	2
011	00000628	0	133	250	110	10	03	2
012	00000629	0	133	250	110	10	03	2
013	00000630	0	133	250	110	10	03	2
014	00000631	0	134	250	110	10	03	2
015	00000632	0	134	250	110	10	03	2
016	00000633	0	134	250	110	10	03	2
017	00000634	0	135	250	110	10	03	2
018	00000635	0	135	250	110	10	03	2
019	00000636	0	135	250	110	10	03	2
020	00000637	0	136	250	110	10	03	2
021	00000638	0	136	250	110	10	03	2
022	00000639	0	136	250	110	10	03	2
023	00000640	0	137	250	110	10	03	2
024	00000641	0	137	250	110	10	03	2
025	00000642	0	137	250	110	10	03	2
026	00000643	0	138	250	110	10	03	2
027	00000644	0	138	250	110	10	03	2
028	00000645	0	138	250	110	10	03	2
029	00000646	0	139	250	110	10	03	2
030	00000647	0	139	250	110	10	03	2
031	00000648	0	139	250	110	10	03	2
032	00000649	0	140	250	110	10	03	2
033	00000650	0	140	250	110	10	03	2
034	00000651	0	140	250	110	10	03	2
035	00000652	0	141	250	110	10	03	2
036	00000653	0	141	250	110	10	03	2
037	00000654	0	141	250	110	10	03	2
038	00000655	0	142	250	110	10	03	2
039	00000656	0	142	250	110	10	03	2
040	00000657	0	142	250	110	10	03	2
041	00000658	0	143	250	110	10	03	2
042	00000659	0	143	250	110	10	03	2
043	00000660	0	143	250	110	10	03	2
044	00000661	0	144	250	110	10	03	2
045	00000662	0	144	250	110	10	03	2
046	00000663	0	145	250	110	10	03	2
047	00000664	0	145	250	110	10	03	2
048	00000665	0	145	250	110	10	03	2
049	00000666	0	145	250	110	10	03	2
050	00000667	0	146	250	110	10	03	2
051	00000668	0	146	250	110	10	03	2
052	00000669	0	147	250	110	10	03	2
053	00000670	0	148	250	110	10	03	1
054	00000671	0	148	250	110	10	03	1
055	00000672	0	149	250	110	10	03	1
056	00000673	0	149	250	110	10	03	1
057	00000674	0	150	250	110	10	03	1
058	00000675	0	150	250	110	10	03	1
059	00000676	0	151	250	110	10	03	1
060	00000677	0	151	250	110	10	03	1
061	00000678	0	151	250	110	10	03	1
062	00000679	0	152	250	110	10	03	1
063	00000680	0	152	250	110	10	03	1
064	00000681	0	152	250	110	10	03	1
065	00050000	0	153	250	110	10	03	99
066	00050001	0	154	250	110	10	03	99
								
								
								
LGM								
129	00000606	0						
130	00000607	0						
131	00000608	0						
132	00000609	0						
133	00000610	0						
134	00000611	0						
135	00000612	0						
136	00000613	0						
137	00000614	0						
138	00000615	0						
139	00000616	0						
140	00000617	0						
141	00000618	0						
142	00000619	0						
143	00000620	0						
144	00000621	0						
145	00000622	0						
146	00000623	0						
147	00000624	0						
148	00000625	0						
149	00000626	0						
150	00000627	0						
151	00000628	0						
152	00000629	0						
153	00070000	0						
154	00070001	0						
								
								
								
								
SCM								
008								
USM								
001	00000682	0	129	250	110	10	03	2
002	00000083	0	129	250	110	10	03	2
003	00000684	0	129	250	110	10	03	2
004	00000085	0	129	250	110	10	03	2
005	00000686	0	130	250	110	10	03	2
006	00000687	0	130	250	110	10	03	2
007	00000688	0	131	250	110	10	03	2
008	00000089	0	131	250	110	10	03	2
009	00000090	0	131	250	110	10	03	2
010	00000691	0	132	250	110	10	03	2
011	00000692	0	132	250	110	10	03	2
012	00000693	0	132	250	110	10	03	2
013	00000694	0	133	250	110	10	03	2
014	00000695	0	133	250	110	10	03	2
015	00000696	0	133	250	110	10	03	2
016	00000697	0	134	250	110	10	03	2
017	00000698	0	134	250	110	10	03	2
018	00000699	0	134	250	110	10	03	2
019	00000700	0	135	250	110	10	03	2
020	00000701	0	135	250	110	10	03	2
021	00000702	0	135	250	110	10	03	2
022	00000703	0	136	250	110	10	03	2
023	00000704	0	136	250	110	10	03	2
024	00000705	0	136	250	110	10	03	2
025	00000706	0	137	250	110	10	03	2
026	00000707	0	137	250	110	10	03	2
027	00000708	0	137	250	110	10	03	2
028	00000709	0	138	250	110	10	03	2
029	00000710	0	138	250	110	10	03	2
030	00000711	0	138	250	110	10	03	2
031	00000712	0	139	250	110	10	03	2
032	00000713	0	139	250	110	10	03	2
033	00000714	0	139	250	110	10	03	2
034	00000715	0	140	250	110	10	03	2
035	00000716	0	140	250	110	10	03	2
036	00000717	0	141	250	110	10	03	2
037	00000718	0	141	250	110	10	03	2
038	00000719	0	142	250	110	10	03	2
039	00000720	0	142	250	110	10	03	2
040	00000721	0	142	250	110	10	03	2
041	00000722	0	143	250	110	10	03	2
042	00000723	0	143	250	110	10	03	2
043	00000724	0	143	250	110	10	03	2
044	00000725	0	144	250	110	10	03	2
045	00000726	0	144	250	110	10	03	2
046	00000727	0	144	250	110	10	03	2
047	00000728	0	144	250	110	10	03	2
048	00000729	0	145	250	110	10	03	2
049	00000730	0	145	250	110	10	03	2
050	00000731	0	145	250	110	10	03	2
051	00000732	0	146	250	110	10	03	2
052	00000733	0	146	250	110	10	03	2
053	00000734	0	146	250	110	10	03	2
054	00000735	0	147	250	110	10	03	2
055	00000736	0	147	250	110	10	03	2
056	00000737	0	147	250	110	10	03	2
057	00000738	0	148	250	110	10	03	2
058	00000739	0	148	250	110	10	03	2
059	00000740	0	148	250	110	10	03	2
060	00000741	0	149	250	110	10	03	2
061	00000742	0	149	250	110	10	03	2
062	00000743	0	149	250	110	10	03	2
063	00050000	0	150	250	110	10	03	99
064	00050001	0	150	250	110	10	03	99
								
								
								
LGM								
129	00002252	0						
130	00002253	0						
131	00000632	0						
132	00000633	0						
133	00000634	0						
134	00000635	0						
135	00000636	0						
136	00000637	0						
137	00000638	0						
138	00000639	0						
139	00000640	0						
140	00000641	0						
141	00000642	0						
142	00000643	0						
143	00000644	0						
144	00000650	0						
145	00000649	0						
146	00000648	0						
147	00000647	0						
148	00000646	0						
149	00000645	0						
150	00070000	0						
								
SCM								
009								
USM								
001	00000744	0	129	250	110	10	03	2
002	00000745	0	129	250	110	10	03	2
003	00000746	0	129	250	110	10	03	2
004	00000747	0	130	250	110	10	03	2
005	00000748	0	130	250	110	10	03	2
006	00000749	0	130	250	110	10	03	2
007	00000750	0	131	250	110	10	03	2
008	00000751	0	131	250	110	10	03	2
009	00000752	0	131	250	110	10	03	2
010	00000753	0	132	250	110	10	03	2
011	00000754	0	132	250	110	10	03	2
012	00000755	0	132	250	110	10	03	2
013	00000756	0	133	250	110	10	03	2
014	00000757	0	133	250	110	10	03	2
015	00000758	0	133	250	110	10	03	2
016	00000759	0	134	250	110	10	03	2
017	00000760	0	134	250	110	10	03	2
018	00000761	0	134	250	110	10	03	2
019	00000762	0	135	250	110	10	03	2
020	00000763	0	135	250	110	10	03	2
021	00000764	0	135	250	110	10	03	2
022	00000765	0	136	250	110	10	03	2
023	00000766	0	136	250	110	10	03	2
024	00000767	0	136	250	110	10	03	2
025	00000768	0	137	250	110	10	03	2
026	00000769	0	137	250	110	10	03	2
027	00000770	0	137	250	110	10	03	2
028	00000771	0	138	250	110	10	03	2
029	00000772	0	138	250	110	10	03	2
030	00000773	0	138	250	110	10	03	2
031	00000774	0	139	250	110	10	03	2
032	00000775	0	139	250	110	10	03	2
033	00000776	0	139	250	110	10	03	2
034	00000777	0	140	250	110	10	03	2
035	00000778	0	140	250	110	10	03	2
036	00000779	0	140	250	110	10	03	2
037	00000780	0	141	250	110	10	03	2
038	00000781	0	141	250	110	10	03	2
039	00000782	0	141	250	110	10	03	2
040	00000783	0	142	250	110	10	03	2
041	00000784	0	142	250	110	10	03	2
042	00000785	0	142	250	110	10	03	2
043	00000786	0	143	250	110	10	03	2
044	00000787	0	143	250	110	10	03	2
045	00000788	0	143	250	110	10	03	2
046	00000789	0	144	250	110	10	03	2
047	00000790	0	144	250	110	10	03	2
048	00000791	0	145	250	110	10	03	2
049	00000792	0	145	250	110	10	03	2
050	00000793	0	146	250	110	10	03	2
051	00000794	0	146	250	110	10	03	2
052	00000795	0	146	250	110	10	03	2
053	00000796	0	147	250	110	10	03	2
054	00000797	0	147	250	110	10	03	2
055	00000798	0	147	250	110	10	03	2
056	00000799	0	148	250	110	10	03	2
057	00000800	0	148	250	110	10	03	2
058	00000801	0	148	250	110	10	03	2
059	00000802	0	149	250	110	10	03	2
060	00000803	0	149	250	110	10	03	2
061	00000804	0	149	250	110	10	03	2
062	00000805	0	149	250	110	10	03	2
063	00000806	0	150	250	110	10	03	2
064	00000807	0	150	250	110	10	03	2
065	00000808	0	150	250	110	10	03	2
066	00000809	0	151	250	110	10	03	2
067	00000810	0	151	250	110	10	03	2
068	00000735	0	152	250	110	10	03	2
069	00000736	0	152	250	110	10	03	2
070	00000737	0	152	250	110	10	03	2
071	00000738	0	153	250	110	10	03	2
072	00000739	0	153	250	110	10	03	2
073	00000740	0	153	250	110	10	03	2
074	00000741	0	154	250	110	10	03	2
075	00000742	0	154	250	110	10	03	2
076	00000743	0	154	250	110	10	03	2
077	00050000	0	156	250	110	10	03	99
078	00050001	0	156	250	110	10	03	99
								
								
LGM								
129	00000651	0						
130	00000652	0						
131	00000653	0						
132	00000654	0						
133	00000655	0						
134	00000656	0						
135	00000657	0						
136	00000658	0						
137	00000659	0						
138	00000660	0						
139	00000661	0						
140	00000662	0						
141	00000663	0						
142	00000664	0						
143	00000665	0						
144	00000666	0						
145	00000667	0						
146	00000668	0						
147	00000669	0						
148	00000670	0						
149	00000671	0						
150	00000672	0						
151	00000673	0						
152	00000647	0						
153	00000646	0						
154	00000645	0						
155	00070000	0						
156	00070001	0						
								
								
								
								
								
								
								
								
								
								
								
								
								
								
								
								
								
								
								
								
								
								
								
								
								
								
								
								
								
								
								
								
								
								
								
								
								
								
								
								
								
								
								
								
								
								
								
								
								
								
								
								
								
								
								
								
								
								
								
								
								
								
								
								
								
								
								
								
								
								
								
								
								
								
								
								
								
								
								
								
								
								
								
								
								
								
								
								
								
								
								
								
								
								
								
								
								
								
								
								
								
								
								
								
								
								
								
								
								
								
								
								
								
								
								
