SCM
001
USM
001	00000013	0	129	250	100	05	10	1
002	00000011	0	129	250	100	05	10	1
003	00000015	0	129	250	100	05	10	1
004	00000016	0	129	250	100	05	10	1
005	00000017	0	130	250	100	05	10	1
006	00000018	0	130	250	100	05	10	1
007	00000019	0	130	250	100	05	10	1
008	00000020	0	130	250	100	05	10	1
009	00000021	0	131	250	100	05	10	1
010	00000022	0	131	250	100	05	10	1
011	00000023	0	131	250	100	05	10	1
012	00000024	0	131	250	100	05	10	1
013	00000025	0	132	250	100	05	10	1
014	00000026	0	132	250	100	05	10	1
015	00000027	0	132	250	100	05	10	1
016	00000028	0	132	250	100	05	10	1
017	00000029	0	133	250	100	05	10	1
018	00000030	0	133	250	100	05	10	1
019	00000031	0	133	250	100	05	10	1
020	00000032	0	133	250	100	05	10	1
021	00000033	0	134	250	100	05	10	1
022	00000034	0	134	250	100	05	10	1
023	00000035	5	134	250	100	05	10	1
024	00000036	5	134	250	100	05	10	1
025	00000037	0	135	250	100	05	10	1
026	00000038	0	135	250	100	05	10	1
027	00000039	0	135	250	100	05	10	1
028	00000040	5	135	250	100	05	10	1
029	00000041	5	136	250	100	05	10	1
030	00000042	0	136	250	100	05	10	1
031	00000043	0	136	250	100	05	10	1
032	00000044	0	136	250	100	05	10	1
033	00000045	0	137	250	100	05	10	1
034	00000046	0	137	250	100	05	10	1
035	00000047	0	137	250	100	05	10	1
036	00000048	0	137	250	100	05	10	1
037	00000049	0	138	250	100	05	10	1
038	00000050	0	138	250	100	05	10	1
039	00000051	0	138	250	100	05	10	1
040	00000052	0	138	250	100	05	10	1
041	00000053	0	139	250	100	05	10	1
042	00000054	0	139	250	100	05	10	1
043	00000055	0	139	250	100	05	10	1
044	00000056	0	139	250	100	05	10	1
045	00000057	0	140	250	100	05	10	1
046	00000058	0	140	250	100	05	10	1
047	00000059	0	140	250	100	05	10	1
048	00000060	0	140	250	100	05	10	1
049	00000061	0	141	250	100	05	10	1
050	00000062	0	141	250	100	05	10	1
051	00000063	0	142	250	100	05	10	1
052	00000064	0	142	250	100	05	10	1
053	00000065	0	143	250	100	05	10	1
054	00000066	0	143	250	100	05	10	1
055	00000067	0	144	250	100	05	10	1
056	00000068	0	144	250	100	05	10	1
057	00000069	0	145	250	100	05	10	1
058	00000070	0	145	250	100	05	10	1
059	00000071	0	145	250	100	05	10	1
060	00000072	0	145	250	100	05	10	1
061	00000073	0	146	250	100	05	10	1
062	00000074	0	146	250	100	05	10	1
063	00000075	0	147	250	100	05	10	1
064	00000076	0	148	250	100	05	10	1
065	00000014	0	149	250	100	05	10	1
066	00070000	0	150	250	100	05	10	99
067	00070001	0	150	250	100	05	10	99
068	00070002	0	150	250	100	05	10	99



LGM
129	00000001	0
130	00000002	0
131	00000003	0
132	00000004	0
133	00000005	0
134	00000006	0
135	00000007	0
136	00000008	0
137	00000009	0
138	00000010	0
139	00000011	0
140	00000012	0
141	00000013	0
142	00000014	0
143	00000015	0
144	00000016	0
145	00000017	0
146	00000018	0
147	00000019	0
148	00000020	0
149	00000031	0
150	00050000	0
151	00050001	0
152	00050002	0



SCM
002
USM
001	00000077	0	129	250	100	05	10	1
002	00000078	0	129	250	100	05	10	1
003	00000079	0	129	250	100	05	10	1
004	00000080	0	130	250	100	05	10	1
005	00000081	0	130	250	100	05	10	1
006	00000082	0	130	250	100	05	10	1
007	00000083	0	131	250	100	05	10	1
008	00000084	0	131	250	100	05	10	1
009	00000085	0	131	250	100	05	10	1
010	00000086	0	132	250	100	05	10	1
011	00000087	0	132	250	100	05	10	1
012	00000088	0	132	250	100	05	10	1
013	00000089	0	133	250	100	05	10	1
014	00000090	0	133	250	100	05	10	1
015	00000091	0	133	250	100	05	10	1
016	00000092	0	134	250	100	05	10	1
017	00000093	0	134	250	100	05	10	1
018	00000094	0	134	250	100	05	10	1
019	00000095	0	135	250	100	05	10	1
020	00000096	0	135	250	100	05	10	1
021	00000097	0	135	250	100	05	10	1
022	00000098	0	136	250	100	05	10	1
023	00000099	5	136	250	100	05	10	1
024	00000100	5	136	250	100	05	10	1
025	00000101	0	137	250	100	05	10	1
026	00000102	0	137	250	100	05	10	1
027	00000103	0	137	250	100	05	10	1
028	00000104	5	138	250	100	05	10	1
029	00000105	5	138	250	100	05	10	1
030	00000106	0	138	250	100	05	10	1
031	00000107	0	139	250	100	05	10	1
032	00000108	0	139	250	100	05	10	1
033	00000109	0	139	250	100	05	10	1
034	00000110	0	140	250	100	05	10	1
035	00000111	0	140	250	100	05	10	1
036	00000112	0	140	250	100	05	10	1
037	00000113	0	141	250	100	05	10	1
038	00000114	0	141	250	100	05	10	1
039	00000115	0	141	250	100	05	10	1
040	00000116	0	142	250	100	05	10	1
041	00000117	0	142	250	100	05	10	1
042	00000118	0	142	250	100	05	10	1
043	00000119	0	143	250	100	05	10	1
044	00000120	0	143	250	100	05	10	1
045	00000121	0	143	250	100	05	10	1
046	00000122	0	144	250	100	05	10	1
047	00000123	0	144	250	100	05	10	1
048	00000124	0	144	250	100	05	10	1
049	00000125	0	145	250	100	05	10	1
050	00000126	0	145	250	100	05	10	1
051	00000127	0	145	250	100	05	10	1
052	00000128	0	146	250	100	05	10	1
053	00000129	0	146	250	100	05	10	1
054	00000130	0	146	250	100	05	10	1
055	00000131	0	147	250	100	05	10	1
056	00000132	0	147	250	100	05	10	1
057	00070000	0	148	250	100	05	10	99
058	00070001	0	148	250	100	05	10	99


LGM
129	00000021	0
130	00000022	0
131	00000023	0
132	00000024	0
133	00000025	0
134	00000026	0
135	00000027	0
136	00000028	0
137	00000029	0
138	00000030	0
139	00000032	0
140	00000033	0
141	00000034	0
142	00000035	0
143	00000036	0
144	00000037	0
145	00000038	0
146	00000039	0
147	00000040	0
148	00070000	0


