SCM								
001								
USM								
001	00006371	0	129	220	100	10	03	1
002	00006372	0	129	220	100	10	03	1
003	00006373	0	129	220	100	10	03	1
004	00006374	0	129	220	100	10	03	1
005	00006375	0	130	220	100	10	03	1
006	00006376	0	130	220	100	10	03	1
007	00006377	0	131	220	100	10	03	1
008	00006378	0	131	220	100	10	03	1
009	00006379	0	131	220	100	10	03	1
010	00006380	0	132	220	100	10	03	1
011	00006381	0	132	220	100	10	03	1
012	00006382	0	133	220	100	10	03	1
013	00006383	0	133	220	100	10	03	1
014	00006384	0	133	220	100	10	03	1
015	00006385	0	133	220	100	10	03	1
016	00006386	0	133	220	100	10	03	1
017	00006387	0	134	220	100	10	03	1
018	00006388	0	134	220	100	10	03	1
019	00006389	0	134	220	100	10	03	1
020	00006390	0	135	220	100	10	03	2
021	00006391	0	135	220	100	10	03	2
022	00006392	0	135	220	100	10	03	2
023	00006393	0	136	220	100	10	03	2
024	00006394	0	136	220	100	10	03	2
025	00006395	0	136	220	100	10	03	2
026	00006396	0	137	220	100	10	03	2
027	00006397	0	137	220	100	10	03	2
028	00006398	0	137	220	100	10	03	2
029	00006399	0	138	220	100	10	03	2
030	00006400	0	138	220	100	10	03	2
031	00006401	0	138	220	100	10	03	2
032	00006402	0	139	220	100	10	03	2
033	00006403	0	139	220	100	10	03	2
034	00006404	0	139	220	100	10	03	2
035	00008672	0	139	220	100	10	03	2
036	00006405	0	140	220	100	10	03	2
037	00006406	0	140	220	100	10	03	2
038	00006407	0	141	220	100	10	03	2
039	00006408	0	141	220	100	10	03	2
040	00006409	0	141	220	100	10	03	2
041	00050000	0	142	220	100	10	03	99
042	00050001	0	142	220	100	10	03	99
								
LGM								
129	00002584	0						
130	00002585	0						
131	00002586	0						
132	00002587	0						
133	00002588	0						
134	00002589	0						
135	00002590	0						
136	00002591	0						
137	00002592	0						
138	00002593	0						
139	00002594	0						
140	00002595	0						
141	00002596	0						
142	00070000	0						
								
        								
SCM     								
002								
USM     								
001	00006410	0	129	220	100	10	03	2
002	00006411	0	129	220	100	10	03	2
003	00006412	0	129	220	100	10	03	2
004	00006413	0	130	220	100	10	03	2
005	00006414	0	130	220	100	10	03	2
006	00006415	0	130	220	100	10	03	2
007	00006416	0	131	220	100	10	03	2
008	00006417	0	131	220	100	10	03	2
009	00006418	0	131	220	100	10	03	2
010	00006419	0	132	220	100	10	03	2
011	00006420	0	132	220	100	10	03	2
012	00006421	0	132	220	100	10	03	2
013	00006422	0	133	220	100	10	03	2
014	00006423	0	133	220	100	10	03	2
015	00006424	0	133	220	100	10	03	2
016	00006425	0	134	220	100	10	03	2
017	00006426	0	134	220	100	10	03	2
018	00006427	0	134	220	100	10	03	2
019	00006428	0	135	220	100	10	03	2
020	00006429	0	135	220	100	10	03	2
021	00006430	0	136	220	100	10	03	2
022	00006431	0	136	220	100	10	03	2
023	00006432	0	137	220	100	10	03	2
024	00006433	0	137	220	100	10	03	2
025	00006434	0	137	220	100	10	03	2
026	00006435	0	138	220	100	10	03	2
027	00006436	0	138	220	100	10	03	2
028	00006437	0	138	220	100	10	03	2
029	00006438	0	139	220	100	10	03	2
030	00006439	0	139	220	100	10	03	2
031	00006440	0	139	220	100	10	03	2
032	00006441	0	140	220	100	10	03	2
033	00006442	0	140	220	100	10	03	2
034	00006443	0	140	220	100	10	03	2
035	00050000	0	141	220	100	10	03	99
036	00050001	0	142	220	100	10	03	99
								
LGM								
129	00002597	0						
130	00002598	0						
131	00002599	0						
132	00002600	0						
133	00002601	0						
134	00002602	0						
135	00002603	0						
136	00002604	0						
137	00002605	0						
138	00002606	0						
139	00002607	0						
140	00002608	0						
141	00070000	0						
142	00070001	0						
								
SCM								
003								
USM								
001	00006444	0	129	220	100	10	03	3
002	00006445	0	129	220	100	10	03	3
003	00006446	0	129	220	100	10	03	3
004	00006447	0	129	220	100	10	03	3
005	00006448	0	130	220	100	10	03	3
006	00006449	0	130	220	100	10	03	3
007	00006450	0	131	220	100	10	03	3
008	00006451	0	131	220	100	10	03	3
009	00006452	0	131	220	100	10	03	3
010	00006453	0	132	220	100	10	03	3
011	00006454	0	132	220	100	10	03	3
012	00006455	0	133	220	100	10	03	3
013	00006456	0	133	220	100	10	03	3
014	00006457	0	133	220	100	10	03	3
015	00006458	0	133	220	100	10	03	3
016	00006459	0	133	220	100	10	03	3
017	00006460	0	134	220	100	10	03	3
018	00006461	0	134	220	100	10	03	3
019	00006462	0	134	220	100	10	03	3
020	00006463	0	135	220	100	10	03	4
021	00006464	0	135	220	100	10	03	4
022	00006465	0	136	220	100	10	03	4
023	00006466	0	137	220	100	10	03	4
024	00006467	0	137	220	100	10	03	4
025	00006468	0	137	220	100	10	03	4
026	00006469	0	138	220	100	10	03	4
027	00006470	0	138	220	100	10	03	4
028	00006471	0	138	220	100	10	03	4
029	00006472	0	139	220	100	10	03	4
030	00006473	0	139	220	100	10	03	4
031	00006474	0	139	220	100	10	03	4
032	00006475	0	140	220	100	10	03	4
033	00006476	0	140	220	100	10	03	4
034	00006477	0	140	220	100	10	03	4
035	00006478	0	141	220	100	10	03	4
036	00006479	0	141	220	100	10	03	4
037	00006480	0	141	220	100	10	03	4
038	00006481	0	142	220	100	10	03	4
039	00006482	0	142	220	100	10	03	4
040	00006483	0	143	220	100	10	03	4
041	00006484	0	143	220	100	10	03	4
042	00006485	0	144	220	100	10	03	4
043	00006486	0	144	220	100	10	03	4
044	00006487	0	144	220	100	10	03	4
045	00006488	0	145	220	100	10	03	4
046	00006489	0	145	220	100	10	03	4
047	00006490	0	145	220	100	10	03	4
048	00006491	0	146	220	100	10	03	4
049	00006492	0	146	220	100	10	03	4
050	00006493	0	146	220	100	10	03	4
051	00006494	0	147	220	100	10	03	4
052	00006495	0	147	220	100	10	03	4
053	00006496	0	147	220	100	10	03	4
054	00006497	0	148	220	100	10	03	4
055	00006498	0	148	220	100	10	03	4
056	00006499	0	148	220	100	10	03	4
057	00006500	0	149	220	100	10	03	4
058	00006501	0	149	220	100	10	03	4
059	00006502	0	149	220	100	10	03	4
060	00006503	0	150	220	100	10	03	4
061	00006504	0	150	220	100	10	03	4
062	00006505	0	150	220	100	10	03	4
063	00050000	0	151	220	100	10	03	99
064	00050001	0	152	220	100	10	03	99
								
LGM								
129	00002609	0						
130	00002610	0						
131	00002611	0						
132	00002612	0						
133	00002613	0						
134	00002614	0						
135	00002615	0						
136	00002616	0						
137	00002617	0						
138	00002618	0						
139	00002619	0						
140	00002620	0						
141	00002621	0						
142	00002622	0						
143	00002623	0						
144	00002624	0						
145	00002625	0						
146	00002626	0						
147	00002627	0						
148	00002628	0						
149	00002629	0						
150	00002630	0						
151	00070000	0						
152	00070001	0						
								
SCM								
004								
USM								
001	00006506	0	129	220	100	10	03	5
002	00006507	0	129	220	100	10	03	5
003	00006508	0	129	220	100	10	03	5
004	00006509	0	129	220	100	10	03	5
005	00006510	0	130	220	100	10	03	5
006	00006511	0	130	220	100	10	03	5
007	00006512	0	130	220	100	10	03	5
008	00006513	0	130	220	100	10	03	5
009	00006514	0	130	220	100	10	03	5
010	00006515	0	131	220	100	10	03	5
011	00006516	0	131	220	100	10	03	5
012	00006517	0	131	220	100	10	03	5
013	00006518	0	132	220	100	10	03	6
014	00006519	0	132	220	100	10	03	6
015	00006520	0	133	220	100	10	03	6
016	00007082	0	134	220	100	10	03	6
017	00007083	0	134	220	100	10	03	6
018	00007084	0	134	220	100	10	03	6
019	00007085	0	135	220	100	10	03	6
020	00007086	0	135	220	100	10	03	6
021	00007087	0	135	220	100	10	03	6
022	00007088	0	136	220	100	10	03	6
023	00007089	0	136	220	100	10	03	6
024	00007090	0	136	220	100	10	03	6
025	00007091	0	137	220	100	10	03	6
026	00007092	0	137	220	100	10	03	6
027	00007093	0	137	220	100	10	03	6
028	00007094	0	138	220	100	10	03	6
029	00007095	0	138	220	100	10	03	6
030	00007096	0	139	220	100	10	03	6
031	00007097	0	139	220	100	10	03	6
032	00007098	0	140	220	100	10	03	6
033	00007099	0	140	220	100	10	03	6
034	00007100	0	140	220	100	10	03	6
035	00007101	0	141	220	100	10	03	6
036	00007102	0	141	220	100	10	03	6
037	00007103	0	142	220	100	10	03	6
038	00007104	0	142	220	100	10	03	6
039	00007105	0	143	220	100	10	03	6
040	00007106	0	143	220	100	10	03	6
041	00007107	0	143	220	100	10	03	6
042	00007108	0	144	220	100	10	03	6
043	00007109	0	144	220	100	10	03	6
044	00007110	0	144	220	100	10	03	6
045	00050000	0	145	220	100	10	03	99
046	00050001	0	146	220	100	10	03	99
								
								
LGM								
129	00002658	0						
130	00002631	0						
131	00002632	0						
132	00002633	0						
133	00002634	0						
134	00002635	0						
135	00002636	0						
136	00002637	0						
137	00002638	0						
138	00002639	0						
139	00002640	0						
140	00002641	0						
141	00002259	0						
142	00002297	0						
143	00002642	0						
144	00002643	0						
145	00070000	0						
146	00070001	0						
								
								
								
SCM								
005								
USM								
001	00009638	0	129	220	100	10	03	7
002	00009639	0	129	220	100	10	03	7
003	00009640	0	129	220	100	10	03	7
004	00009641	0	129	220	100	10	03	7
005	00009601	0	130	220	100	10	03	7
006	00009602	0	130	220	100	10	03	7
007	00009603	0	130	220	100	10	03	7
008	00009604	0	130	220	100	10	03	7
009	00009605	0	130	220	100	10	03	7
010	00009606	0	131	220	100	10	03	7
011	00009607	0	131	220	100	10	03	7
012	00009608	0	131	220	100	10	03	7
013	00009609	0	132	220	100	10	03	8
014	00009610	0	132	220	100	10	03	8
015	00009611	0	133	220	100	10	03	8
016	00009612	0	134	220	100	10	03	8
017	00009613	0	134	220	100	10	03	8
018	00009614	0	134	220	100	10	03	8
019	00009615	0	135	220	100	10	03	8
020	00009616	0	135	220	100	10	03	8
021	00009617	0	135	220	100	10	03	8
022	00009618	0	136	220	100	10	03	8
023	00009619	0	136	220	100	10	03	8
024	00009620	0	136	220	100	10	03	8
025	00009621	0	137	220	100	10	03	8
026	00009622	0	137	220	100	10	03	8
027	00009623	0	137	220	100	10	03	8
028	00009624	0	138	220	100	10	03	8
029	00009625	0	138	220	100	10	03	8
030	00009626	0	139	220	100	10	03	8
031	00009627	0	139	220	100	10	03	8
032	00007011	0	140	220	100	10	03	8
033	00007022	0	140	220	100	10	03	8
034	00007026	0	140	220	100	10	03	8
035	00009637	0	141	220	100	10	03	8
036	00009636	0	141	220	100	10	03	8
037	00009635	0	142	220	100	10	03	8
038	00009634	0	142	220	100	10	03	8
039	00009633	0	143	220	100	10	03	8
040	00009632	0	143	220	100	10	03	8
041	00009631	0	143	220	100	10	03	8
042	00009630	0	144	220	100	10	03	8
043	00009629	0	144	220	100	10	03	8
044	00009628	0	144	220	100	10	03	8
045	00050000	0	145	220	100	10	03	99
046	00050001	0	146	220	100	10	03	99
								
								
LGM								
129	00002870	0						
130	00002858	0						
131	00002859	0						
132	00002860	0						
133	00002861	0						
134	00002862	0						
135	00002863	0						
136	00002864	0						
137	00002865	0						
138	00002866	0						
139	00002867	0						
140	00002173	0						
141	00002172	0						
142	00002869	0						
143	00002868	0						
144	00002657	0						
145	00070000	0						
146	00070001	0						
