SCM								
001								
USM								
001	00005321	0	129	220	100	10	03	5
002	00005322	0	129	220	100	10	03	5
003	00005323	0	129	220	100	10	03	5
004	00005324	0	130	220	100	10	03	5
005	00005325	0	130	220	100	10	03	5
006	00005326	0	131	220	100	10	03	5
007	00005327	0	131	220	100	10	03	5
008	00005328	0	131	220	100	10	03	4
009	00005329	0	131	220	100	10	03	4
010	00005330	0	131	220	100	10	03	4
011	00005331	0	132	220	100	10	03	4
012	00005332	0	132	220	100	10	03	4
013	00005333	0	132	220	100	10	03	4
014	00005334	0	133	220	100	10	03	4
015	00007731	0	133	220	100	10	03	4
016	00005336	0	133	220	100	10	03	4
017	00005337	0	133	220	100	10	03	4
018	00005338	0	134	220	100	10	03	3
019	00005339	0	134	220	100	10	03	3
020	00005340	0	134	220	100	10	03	3
021	00005341	0	134	220	100	10	03	3
022	00005342	0	135	220	100	10	03	1
023	00005343	0	135	220	100	10	03	1
024	00005344	0	135	220	100	10	03	1
025	00005345	0	135	220	100	10	03	1
026	00005346	0	136	220	100	10	03	1
027	00005347	0	136	220	100	10	03	1
028	00005348	0	136	220	100	10	03	1
029	00005349	0	136	220	100	10	03	1
030	00005350	0	137	220	100	10	03	1
031	00005351	0	137	220	100	10	03	1
032	00005352	0	137	220	100	10	03	1
033	00005353	0	137	220	100	10	03	1
034	00005354	0	138	220	100	10	03	1
035	00005355	0	138	220	100	10	03	1
036	00005356	0	138	220	100	10	03	1
037	00005357	0	138	220	100	10	03	1
038	00005358	0	139	220	100	10	03	1
039	00005359	0	139	220	100	10	03	1
040	00007739	0	139	220	100	10	03	1
041	00005361	0	140	220	100	10	03	1
042	00005362	0	140	220	100	10	03	1
043	00005363	0	140	220	100	10	03	1
044	00005364	0	141	220	100	10	03	1
045	00005365	0	141	220	100	10	03	1
046	00005366	0	141	220	100	10	03	1
047	00005367	0	142	220	100	10	03	1
048	00005368	0	142	220	100	10	03	1
049	00005369	0	142	220	100	10	03	1
050	00005370	0	143	220	100	10	03	2
051	00005371	0	143	220	100	10	03	2
052	00005372	0	143	220	100	10	03	2
053	00005373	0	144	220	100	10	03	2
054	00005374	0	144	220	100	10	03	2
055	00005375	0	144	220	100	10	03	2
056	00005376	0	144	220	100	10	03	2
057	00005377	0	144	220	100	10	03	2
058	00005378	0	145	220	100	10	03	2
059	00005379	0	145	220	100	10	03	2
060	00005380	0	145	220	100	10	03	2
061	00005381	0	145	220	100	10	03	2
062	00007729	0	146	220	100	10	03	6
063	00005383	0	146	220	100	10	03	6
064	00005384	0	146	220	100	10	03	6
065	00005385	0	146	220	100	10	03	6
066	00050000	0	147	220	100	10	03	99
067	00050001	0	148	220	100	10	03	99
068	00050002	0	148	220	100	10	03	99
								
LGM								
129	00001871	0						
130	00001872	0						
131	00001873	0						
132	00001874	0						
133	00001875	0						
134	00001876	0						
135	00001877	0						
136	00001878	0						
137	00001879	0						
138	00001880	0						
139	00001881	0						
140	00001882	0						
141	00001883	0						
142	00001884	0						
143	00001885	0						
144	00001886	0						
145	00001887	0						
146	00001888	0						
147	00070000	0						
148	00070001	0						
        								
SCM     								
002								
USM     								
001	00005386	0	129	220	100	10	03	6
002	00005387	0	129	220	100	10	03	6
003	00005388	0	130	220	100	10	03	6
004	00005389	0	130	220	100	10	03	6
005	00005390	0	130	220	100	10	03	6
006	00005391	0	130	220	100	10	03	6
007	00005392	0	131	220	100	10	03	7
008	00005393	0	131	220	100	10	03	7
009	00005394	0	131	220	100	10	03	7
010	00005395	0	132	220	100	10	03	7
011	00005396	0	132	220	100	10	03	7
012	00005397	0	133	220	100	10	03	8
013	00005398	0	133	220	100	10	03	8
014	00005399	0	134	220	100	10	03	8
015	00005400	0	134	220	100	10	03	8
016	00005401	0	134	220	100	10	03	8
017	00005402	0	135	220	100	10	03	8
018	00005403	0	135	220	100	10	03	8
019	00005404	0	136	220	100	10	03	8
020	00005405	0	136	220	100	10	03	8
021	00005406	0	136	220	100	10	03	8
022	00005407	0	137	220	100	10	03	8
023	00005408	0	137	220	100	10	03	8
024	00005409	0	138	220	100	10	03	9
025	00005410	0	138	220	100	10	03	9
026	00005411	0	138	220	100	10	03	9
027	00005412	0	139	220	100	10	03	10
028	00005413	0	139	220	100	10	03	10
029	00005414	0	140	220	100	10	03	10
030	00005415	0	140	220	100	10	03	10
031	00005416	0	140	220	100	10	03	10
032	00005417	0	141	220	100	10	03	10
033	00005418	0	141	220	100	10	03	10
034	00005419	0	141	220	100	10	03	10
035	00005420	0	142	220	100	10	03	10
036	00005421	0	142	220	100	10	03	10
037	00005422	0	142	220	100	10	03	10
038	00005423	0	143	220	100	10	03	10
039	00005424	0	143	220	100	10	03	10
040	00005425	0	143	220	100	10	03	10
041	00005426	0	144	220	100	10	03	10
042	00005427	0	144	220	100	10	03	10
043	00005428	0	144	220	100	10	03	10
044	00005429	0	144	220	100	10	03	14
045	00005430	0	145	220	100	10	03	14
046	00005431	0	145	220	100	10	03	14
047	00005432	0	145	220	100	10	03	14
048	00005433	0	146	220	100	10	03	14
049	00005434	0	146	220	100	10	03	14
050	00005435	0	146	220	100	10	03	14
051	00050000	0	147	220	100	10	03	99
052	00050001	0	148	220	100	10	03	99
								
								
LGM								
129	00001889	0						
130	00001890	0						
131	00001891	0						
132	00001892	0						
133	00001893	0						
134	00001894	0						
135	00001895	0						
136	00001896	0						
137	00001897	0						
138	00001898	0						
139	00001899	0						
140	00001900	0						
141	00001901	0						
142	00001902	0						
143	00001903	0						
144	00001904	0						
145	00001906	0						
146	00001907	0						
147	00070000	0						
148	00070001	0						
								
SCM								
003								
USM								
001	00005436	0	129	220	100	10	03	14
002	00005437	0	130	220	100	10	03	14
003	00005438	0	131	220	100	10	03	14
004	00005439	0	131	220	100	10	03	14
005	00005440	0	132	220	100	10	03	14
006	00005441	0	132	220	100	10	03	14
007	00005442	0	132	220	100	10	03	14
008	00005443	0	133	220	100	10	03	14
009	00005444	0	133	220	100	10	03	14
010	00005445	0	134	220	100	10	03	12
011	00005446	0	134	220	100	10	03	12
012	00005447	0	134	220	100	10	03	12
013	00005448	0	134	220	100	10	03	12
014	00005449	0	135	220	100	10	03	12
015	00005450	0	135	220	100	10	03	12
016	00005451	0	135	220	100	10	03	12
017	00005452	0	136	220	100	10	03	12
018	00005453	0	136	220	100	10	03	12
019	00005454	0	137	220	100	10	03	12
020	00005455	0	137	220	100	10	03	12
021	00005456	0	138	220	100	10	03	12
022	00005457	0	138	220	100	10	03	12
023	00005458	0	138	220	100	10	03	12
024	00005459	0	139	220	100	10	03	12
025	00007737	0	139	220	100	10	03	12
026	00005461	0	139	220	100	10	03	12
027	00005462	0	139	220	100	10	03	12
028	00005463	0	140	220	100	10	03	12
029	00005464	0	140	220	100	10	03	13
030	00005465	0	140	220	100	10	03	13
031	00005466	0	140	220	100	10	03	13
032	00005467	0	140	220	100	10	03	13
033	00005468	0	141	220	100	10	03	13
034	00005469	0	141	220	100	10	03	13
035	00005470	0	141	220	100	10	03	13
036	00005471	0	141	220	100	10	03	13
037	00005472	0	141	220	100	10	03	13
038	00050000	0	142	220	100	10	03	99
								
LGM								
129	00001911	0						
130	00001912	0						
131	00001910	0						
132	00001908	0						
133	00001909	0						
134	00001913	0						
135	00001914	0						
136	00001915	0						
137	00001916	0						
138	00001917	0						
139	00001918	0						
140	00001919	0						
141	00001920	0						
142	00070000	0						
								
SCM								
004								
USM								
001	00005473	0	129	220	100	10	03	13
002	00005474	0	129	220	100	10	03	13
003	00005475	0	129	220	100	10	03	13
004	00005476	0	129	220	100	10	03	13
005	00005477	0	129	220	100	10	03	13
006	00005478	0	130	220	100	10	03	13
007	00005479	0	130	220	100	10	03	13
008	00005480	0	130	220	100	10	03	13
009	00005481	0	130	220	100	10	03	13
010	00005482	0	131	220	100	10	03	15
011	00005483	0	131	220	100	10	03	15
012	00005484	0	131	220	100	10	03	15
013	00005485	0	131	220	100	10	03	15
014	00005486	0	132	220	100	10	03	15
015	00005487	0	132	220	100	10	03	15
016	00005488	0	132	220	100	10	03	15
017	00005489	0	133	220	100	10	03	16
018	00005490	0	133	220	100	10	03	16
019	00005491	0	133	220	100	10	03	16
020	00005492	0	134	220	100	10	03	16
021	00005493	0	134	220	100	10	03	16
022	00005494	0	134	220	100	10	03	16
023	00005495	0	134	220	100	10	03	16
024	00005496	0	135	220	100	10	03	16
025	00005497	0	135	220	100	10	03	16
026	00005498	0	135	220	100	10	03	16
027	00005499	0	136	220	100	10	03	11
028	00005500	0	136	220	100	10	03	11
029	00005501	0	136	220	100	10	03	11
030	00005502	0	136	220	100	10	03	11
031	00005503	0	137	220	100	10	03	11
032	00005504	0	137	220	100	10	03	11
033	00005505	0	137	220	100	10	03	11
034	00005506	0	138	220	100	10	03	11
035	00005507	0	138	220	100	10	03	11
036	00005508	0	138	220	100	10	03	11
037	00005509	0	139	220	100	10	03	11
038	00005510	0	139	220	100	10	03	11
039	00005511	0	139	220	100	10	03	11
040	00005512	0	140	220	100	10	03	11
041	00005513	0	140	220	100	10	03	11
042	00005514	0	140	220	100	10	03	11
043	00005515	0	141	220	100	10	03	11
044	00005516	0	141	220	100	10	03	11
045	00005517	0	141	220	100	10	03	11
046	00005518	0	142	220	100	10	03	11
047	00005519	0	142	220	100	10	03	11
048	00005520	0	142	220	100	10	03	11
049	00005521	0	143	220	100	10	03	11
050	00005522	0	143	220	100	10	03	11
051	00050000	0	144	220	100	10	03	99
052	00050001	0	144	220	100	10	03	99
								
								
LGM								
129	00001921	0						
130	00001922	0						
131	00001923	0						
132	00001924	0						
133	00001925	0						
134	00001926	0						
135	00001927	0						
136	00001928	0						
137	00001929	0						
138	00001930	0						
139	00001931	0						
140	00001932	0						
141	00001933	0						
142	00001934	0						
143	00001935	0						
144	00070000	0						
								
