SCM
001
USM
001	00005076	0	129	300	070	03	10	1
002	00005077	0	129	300	070	03	10	1
003	00005078	0	129	300	070	03	10	1
004	00006039	0	129	300	070	03	10	1
005	00006040	0	129	300	070	03	10	1
006	00006041	0	129	300	070	03	10	1
007	00006042	0	129	300	070	03	10	1
008	00006043	0	129	300	070	03	10	1
009	00006044	0	129	300	070	03	10	1
010	00006045	0	130	300	070	03	10	1
011	00006046	0	130	300	070	03	10	1
012	00006047	0	130	300	070	03	10	1
013	00006048	0	130	300	070	03	10	1
014	00006049	0	130	300	070	03	10	1
015	00006050	0	130	300	070	03	10	1
016	00006051	0	130	300	070	03	10	1
017	00006052	0	131	300	070	03	10	1
018	00006053	0	131	300	070	03	10	1
019	00006054	0	131	300	070	03	10	1
020	00006055	0	131	300	070	03	10	1
021	00006056	0	131	300	070	03	10	1
022	00006057	0	131	300	070	03	10	1
023	00006058	0	132	300	070	03	10	1
024	00006059	0	132	300	070	03	10	1
025	00006060	0	132	300	070	03	10	1
026	00006061	0	132	300	070	03	10	1
027	00006077	0	133	300	070	03	10	1
028	00006078	0	133	300	070	03	10	1
029	00006079	0	134	300	070	03	10	1
030	00006080	0	134	300	070	03	10	1
031	00006081	0	134	300	070	03	10	1
032	00006082	0	134	300	070	03	10	1
033	00006083	0	134	300	070	03	10	1
034	00006084	0	134	300	070	03	10	1
035	00006085	0	134	300	070	03	10	1
036	00006086	0	135	300	070	03	10	1
037	00006087	0	135	300	070	03	10	1
038	00006088	0	135	300	070	03	10	1
039	00006089	0	135	300	070	03	10	1
040	00006090	0	135	300	070	03	10	1
041	00050000	0	136	300	070	03	10	99
042	00050001	0	136	300	070	03	10	99

LGM
129	00001220	0
130	00001219	0
131	00001218	0
132	00001346	0
133	00000452	0
134	00000451	0
135	00001351	0
136	00070000	0


SCM
002
USM
001	00006091	0	129	300	070	03	10	2
002	00006092	0	129	300	070	03	10	2
003	00006093	0	129	300	070	03	10	2
004	00006094	0	129	300	070	03	10	2
005	00006095	0	129	300	070	03	10	2
006	00006096	0	129	300	070	03	10	2
007	00006097	0	129	300	070	03	10	2
008	00006098	0	129	300	070	03	10	2
009	00006099	0	129	300	070	03	10	2
010	00006100	0	130	300	070	03	10	2
011	00006101	0	130	300	070	03	10	2
012	00006102	0	130	300	070	03	10	2
013	00006103	0	130	300	070	03	10	2
014	00006104	0	130	300	070	03	10	2
015	00006105	0	130	300	070	03	10	2
016	00006106	0	131	300	070	03	10	2
017	00006107	0	131	300	070	03	10	2
018	00006108	0	131	300	070	03	10	2
019	00006109	0	131	300	070	03	10	2
020	00006110	0	131	300	070	03	10	2
021	00006111	0	131	300	070	03	10	2
022	00006112	0	132	300	070	03	10	2
023	00006113	0	132	300	070	03	10	2
024	00006114	0	132	300	070	03	10	2
025	00006115	0	132	300	070	03	10	2
026	00006116	0	132	300	070	03	10	2
027	00006117	0	132	300	070	03	10	2
028	00006118	0	132	300	070	03	10	2
029	00006119	0	133	300	070	03	10	2
030	00006120	0	133	300	070	03	10	2
031	00006121	0	133	300	070	03	10	2
032	00006122	0	133	300	070	03	10	2
033	00006123	0	133	300	070	03	10	2
034	00006124	0	133	300	070	03	10	2
035	00006125	0	133	300	070	03	10	2
036	00006126	0	134	300	070	03	10	2
037	00006127	0	134	300	070	03	10	2
038	00006128	0	134	300	070	03	10	2
039	00006129	0	134	300	070	03	10	2
040	00006130	0	134	300	070	03	10	2
041	00006131	0	134	300	070	03	10	2
042	00006132	0	135	300	070	03	10	2
043	00006133	0	135	300	070	03	10	2
044	00006134	0	135	300	070	03	10	2
045	00006135	0	135	300	070	03	10	2
046	00006136	0	135	300	070	03	10	2
047	00006137	0	135	300	070	03	10	2
048	00006138	0	136	300	070	03	10	2
049	00006139	0	136	300	070	03	10	2
050	00006140	0	136	300	070	03	10	2
051	00006141	0	136	300	070	03	10	2
052	00006142	0	136	300	070	03	10	2
053	00006143	0	136	300	070	03	10	2
054	00006144	0	136	300	070	03	10	2
055	00006145	0	136	300	070	03	10	2
056	00006146	0	136	300	070	03	10	2
057	00006062	0	137	300	070	03	10	2
058	00006063	0	137	300	070	03	10	2
059	00006064	0	137	300	070	03	10	2
060	00006065	0	137	300	070	03	10	2
061	00006066	0	137	300	070	03	10	2
062	00006067	0	138	300	070	03	10	2
063	00006068	0	138	300	070	03	10	2
064	00006069	0	138	300	070	03	10	2
065	00006070	0	138	300	070	03	10	2
066	00006071	0	139	300	070	03	10	2
067	00006072	0	139	300	070	03	10	2
068	00006073	0	139	300	070	03	10	2
069	00006074	0	139	300	070	03	10	2
070	00006075	0	139	300	070	03	10	2
071	00006076	0	139	300	070	03	10	2
072	00050000	0	140	300	070	03	10	99



LGM
129	00001350	0
130	00001349	0
131	00001348	0
132	00001347	0
133	00001355	0
134	00001354	0
135	00001353	0
136	00001352	0
137	00000455	0
138	00000454	0
139	00000453	0
140	00070000	0



SCM
003
USM
001	00003876	0	129	250	070	03	10	3
002	00003877	0	129	250	070	03	10	3
003	00003878	0	129	250	070	03	10	3
004	00003879	0	129	250	070	03	10	3
005	00003880	0	129	250	070	03	10	3
006	00003881	0	129	250	070	03	10	3
007	00003882	0	129	250	070	03	10	3
008	00003883	0	130	250	070	03	10	3
009	00003884	0	130	250	070	03	10	3
010	00003885	0	130	250	070	03	10	3
011	00003886	0	130	250	070	03	10	3
012	00003887	0	130	250	070	03	10	3
013	00003888	0	130	250	070	03	10	3
014	00003889	0	130	250	070	03	10	3
015	00003890	0	130	250	070	03	10	3
016	00003891	0	130	250	070	03	10	3
017	00003892	0	131	250	070	03	10	3
018	00003893	0	131	250	070	03	10	3
019	00003894	0	131	250	070	03	10	3
020	00003895	0	131	250	070	03	10	3
021	00003896	0	131	250	070	03	10	3
022	00003897	0	131	250	070	03	10	3
023	00003898	0	131	250	070	03	10	3
024	00003899	0	131	250	070	03	10	3
025	00003900	5	132	250	070	03	10	3
026	00003901	5	132	250	070	03	10	3
027	00003902	5	132	250	070	03	10	3
028	00003903	5	132	250	070	03	10	3
029	00003904	5	132	250	070	03	10	3
030	00003905	0	133	250	070	03	10	3
031	00003906	0	133	250	070	03	10	3
032	00003907	0	133	250	070	03	10	3
033	00003908	0	133	250	070	03	10	3
034	00003909	0	133	250	070	03	10	3
035	00003910	0	133	250	070	03	10	3
036	00003911	0	133	250	070	03	10	3
037	00003912	0	133	250	070	03	10	3
038	00050000	0	134	250	070	03	10	99
039	00050001	0	134	250	070	03	10	99


LGM
129	00001308	0
130	00001309	0
131	00001310	0
132	00001311	5
133	00001312	0
134	00070000	0



SCM
004
USM
001	00003913	0	129	250	070	03	10	4
002	00003914	0	129	250	070	03	10	4
003	00003915	0	129	250	070	03	10	4
004	00003916	0	129	250	070	03	10	4
005	00003917	0	129	250	070	03	10	4
006	00003918	0	130	250	070	03	10	4
007	00003919	0	130	250	070	03	10	4
008	00003920	0	130	250	070	03	10	4
009	00003921	0	130	250	070	03	10	4
010	00003922	0	130	250	070	03	10	4
011	00003923	0	130	250	070	03	10	4
012	00003924	0	130	250	070	03	10	4
013	00003925	0	131	250	070	03	10	4
014	00003926	0	131	250	070	03	10	4
015	00003927	0	131	250	070	03	10	4
016	00003928	0	131	250	070	03	10	4
017	00003929	0	131	250	070	03	10	4
018	00003930	0	132	250	070	03	10	4
019	00003931	0	132	250	070	03	10	4
020	00003932	0	132	250	070	03	10	4
021	00003933	0	132	250	070	03	10	4
022	00003934	0	132	250	070	03	10	4
023	00003935	0	132	250	070	03	10	4
024	00003936	0	132	250	070	03	10	4
025	00003937	0	132	250	070	03	10	4
026	00003938	0	132	250	070	03	10	4
027	00003939	0	133	250	070	03	10	4
028	00003940	0	133	250	070	03	10	4
029	00003941	0	133	250	070	03	10	4
030	00003942	0	133	250	070	03	10	4
031	00003943	0	133	250	070	03	10	4
032	00003944	0	134	250	070	03	10	4
033	00003945	0	134	250	070	03	10	4
034	00003946	0	135	250	070	03	10	4
035	00003947	0	135	250	070	03	10	4
036	00003948	0	135	250	070	03	10	4
037	00003949	0	136	250	070	03	10	4
038	00003950	0	136	250	070	03	10	4
039	00003951	0	136	250	070	03	10	4
040	00003952	0	136	250	070	03	10	4
041	00003953	0	137	250	070	03	10	4
042	00003954	0	137	250	070	03	10	4
043	00003955	0	137	250	070	03	10	4
044	00003956	0	137	250	070	03	10	4
045	00003957	0	137	250	070	03	10	4
046	00003958	0	138	250	070	03	10	4
047	00004959	0	139	250	070	03	10	4
048	00004960	0	139	250	070	03	10	4
049	00004961	0	139	250	070	03	10	4
050	00004962	0	139	250	070	03	10	4
051	00004963	0	140	250	070	03	10	4
052	00004964	0	140	250	070	03	10	4
053	00004965	0	140	250	070	03	10	4
054	00004966	0	140	250	070	03	10	4
055	00004967	0	140	250	070	03	10	4
056	00004968	0	140	250	070	03	10	4
057	00004969	0	140	250	070	03	10	4
058	00050000	0	149	250	070	03	10	99
059	00050001	0	149	250	070	03	10	99


LGM
129	00001313	0
130	00001314	0
131	00001315	0
132	00001316	0
133	00001317	0
134	00001334	0
135	00001318	0
136	00001335	0
137	00001319	0
138	00001320	0
139	00001321	0
140	00001322	0
141	00070000	0
142	00070001	0





SCM
005
USM
001	00004970	0	129	250	070	03	10	5
002	00004971	0	129	250	070	03	10	5
003	00004972	0	129	250	070	03	10	5
004	00004973	0	129	250	070	03	10	5
005	00004974	0	130	250	070	03	10	5
006	00004975	0	131	250	070	03	10	5
007	00004976	0	131	250	070	03	10	5
008	00004977	0	131	250	070	03	10	5
009	00004978	0	132	250	070	03	10	5
010	00004979	0	132	250	070	03	10	5
011	00004980	0	133	250	070	03	10	5
012	00008185	0	133	250	070	03	10	5
013	00004982	0	133	250	070	03	10	5
014	00004983	0	133	250	070	03	10	5
015	00004984	0	133	250	070	03	10	5
016	00004985	0	134	250	070	03	10	5
017	00004986	0	134	250	070	03	10	5
018	00004987	0	135	250	070	03	10	5
019	00004988	0	135	250	070	03	10	5
020	00004989	0	135	250	070	03	10	5
021	00004990	0	135	250	070	03	10	5
022	00004991	0	135	250	070	03	10	5
023	00004992	0	135	250	070	03	10	5
024	00004993	0	136	250	070	03	10	5
025	00004994	0	136	250	070	03	10	5
026	00004995	0	136	250	070	03	10	5
027	00004996	0	136	250	070	03	10	5
028	00004997	0	136	250	070	03	10	5
029	00004998	0	136	250	070	03	10	5
030	00004999	0	136	250	070	03	10	5
031	00005000	0	137	250	070	03	10	5
032	00005001	0	137	250	070	03	10	5
033	00005002	0	137	250	070	03	10	5
034	00005003	0	137	250	070	03	10	5
035	00005004	0	137	250	070	03	10	5
036	00005005	0	137	250	070	03	10	5
037	00005006	0	137	250	070	03	10	5
038	00005007	0	137	250	070	03	10	5
039	00005008	0	138	250	070	03	10	5
040	00005009	0	138	250	070	03	10	5
041	00005010	0	138	250	070	03	10	5
042	00005011	0	138	250	070	03	10	5
043	00005012	0	138	250	070	03	10	5
044	00005013	0	138	250	070	03	10	5
045	00005014	0	138	250	070	03	10	5
046	00005015	0	139	250	070	03	10	5
047	00005016	0	139	250	070	03	10	5
048	00005017	0	139	250	070	03	10	5
049	00005018	0	139	250	070	03	10	5
050	00005019	0	139	250	070	03	10	5
051	00050000	0	140	250	070	03	10	99
052	00050001	0	140	250	070	03	10	99




LGM
129	00001329	0
130	00001325	0
131	00001324	0
132	00001323	0
133	00000796	0
134	00001340	0
135	00001341	0
136	00001342	0
137	00001343	0
138	00001344	0
139	00001345	0
140	00070000	0


SCM
006
USM
001	00005020	0	129	250	070	03	10	6
002	00005021	0	129	250	070	03	10	6
003	00005022	0	129	250	070	03	10	6
004	00005023	0	129	250	070	03	10	6
005	00005024	0	129	250	070	03	10	6
006	00005025	0	130	250	070	03	10	6
007	00005026	0	131	250	070	03	10	6
008	00005027	0	131	250	070	03	10	6
009	00005028	0	131	250	070	03	10	6
010	00005029	0	131	250	070	03	10	6
011	00005030	0	131	250	070	03	10	6
012	00005031	0	132	250	070	03	10	6
013	00005032	0	132	250	070	03	10	6
014	00005033	0	132	250	070	03	10	6
015	00005034	0	132	250	070	03	10	6
016	00005035	0	132	250	070	03	10	6
017	00005036	0	133	250	070	03	10	6
018	00005037	0	133	250	070	03	10	6
019	00005038	0	133	250	070	03	10	6
020	00005039	0	133	250	070	03	10	6
021	00005040	0	133	250	070	03	10	6
022	00005041	0	133	250	070	03	10	6
023	00005042	0	133	250	070	03	10	6
024	00005043	0	133	250	070	03	10	6
025	00005044	0	133	250	070	03	10	6
026	00005045	0	134	250	070	03	10	6
027	00005046	0	134	250	070	03	10	6
028	00005047	0	134	250	070	03	10	6
029	00005048	0	134	250	070	03	10	6
030	00005049	0	134	250	070	03	10	6
031	00005050	0	135	250	070	03	10	6
032	00005051	0	135	250	070	03	10	6
033	00005052	0	136	250	070	03	10	6
034	00005053	0	136	250	070	03	10	6
035	00005054	0	136	250	070	03	10	6
036	00005055	0	136	250	070	03	10	6
037	00005056	0	136	250	070	03	10	6
038	00005057	0	136	250	070	03	10	6
039	00005058	0	136	250	070	03	10	6
040	00005059	0	136	250	070	03	10	6
041	00005060	0	137	250	070	03	10	10
042	00005061	0	137	250	070	03	10	10
043	00005062	0	137	250	070	03	10	10
044	00005063	0	137	250	070	03	10	10
045	00005064	0	138	250	070	03	10	10
046	00005065	0	138	250	070	03	10	10
047	00005066	0	139	250	070	03	10	10
048	00005067	0	140	250	070	03	10	10
049	00005068	0	140	250	070	03	10	10
050	00005069	0	140	250	070	03	10	10
051	00005070	0	140	250	070	03	10	10
052	00005071	0	141	250	070	03	10	10
053	00005072	0	141	250	070	03	10	10
054	00005073	0	141	250	070	03	10	10
055	00005074	0	141	250	070	03	10	10
056	00005075	0	141	250	070	03	10	10
057	00050000	0	142	250	070	03	10	99
058	00050001	0	142	250	070	03	10	99


LGM
129	00001328	0
130	00000005	0
131	00001326	0
132	00001327	0
133	00001336	0
134	00001337	0
135	00001338	0
136	00001339	0
137	00001330	0
138	00001331	0
139	00000614	0
140	00001332	0
141	00001333	0
142	00070000	0


