SCM								
001								
USM								
001	00005321	0	129	220	100	10	03	1
002	00005322	0	129	220	100	10	03	1
003	00005323	0	129	220	100	10	03	1
004	00005324	0	130	220	100	10	03	1
005	00005325	0	130	220	100	10	03	1
006	00005326	0	131	220	100	10	03	1
007	00005327	0	131	220	100	10	03	1
008	00005328	0	131	220	100	10	03	1
009	00005329	0	131	220	100	10	03	1
010	00005330	0	131	220	100	10	03	1
011	00005331	0	132	220	100	10	03	1
012	00005332	0	132	220	100	10	03	1
013	00005333	0	132	220	100	10	03	1
014	00005334	0	133	220	100	10	03	1
015	00007731	0	133	220	100	10	03	1
016	00005336	0	133	220	100	10	03	1
017	00005337	0	133	220	100	10	03	1
018	00005338	0	134	220	100	10	03	1
019	00005339	0	134	220	100	10	03	1
020	00005340	0	134	220	100	10	03	1
021	00005341	0	134	220	100	10	03	1
022	00005342	0	135	220	100	10	03	1
023	00005343	0	135	220	100	10	03	1
024	00005344	0	135	220	100	10	03	1
025	00005345	0	135	220	100	10	03	1
026	00005346	0	136	220	100	10	03	1
027	00005347	0	136	220	100	10	03	1
028	00005348	0	136	220	100	10	03	1
029	00005349	0	136	220	100	10	03	1
030	00005350	0	137	220	100	10	03	1
031	00005351	0	137	220	100	10	03	1
032	00005352	0	137	220	100	10	03	1
033	00005353	0	137	220	100	10	03	1
034	00005354	0	138	220	100	10	03	1
035	00005355	0	138	220	100	10	03	1
036	00005356	0	138	220	100	10	03	1
037	00005357	0	138	220	100	10	03	1
038	00005358	0	139	220	100	10	03	1
039	00005359	0	139	220	100	10	03	1
040	00007739	0	139	220	100	10	03	1
041	00005361	0	140	220	100	10	03	1
042	00005362	0	140	220	100	10	03	1
043	00005363	0	140	220	100	10	03	1
044	00005364	0	141	220	100	10	03	1
045	00005365	0	141	220	100	10	03	1
046	00005366	0	141	220	100	10	03	1
047	00005367	0	142	220	100	10	03	1
048	00005368	0	142	220	100	10	03	1
049	00005369	0	142	220	100	10	03	1
050	00005370	0	143	220	100	10	03	1
051	00005371	0	143	220	100	10	03	1
052	00005372	0	143	220	100	10	03	1
053	00005373	0	144	220	100	10	03	1
054	00005374	0	144	220	100	10	03	1
055	00005375	0	144	220	100	10	03	1
056	00005376	0	144	220	100	10	03	1
057	00005377	0	144	220	100	10	03	1
058	00005378	0	145	220	100	10	03	1
059	00005379	0	145	220	100	10	03	1
060	00005380	0	145	220	100	10	03	1
061	00005381	0	145	220	100	10	03	1
062	00007729	0	146	220	100	10	03	1
063	00005383	0	146	220	100	10	03	1
064	00005384	0	146	220	100	10	03	1
065	00005385	0	146	220	100	10	03	1
066	00050000	0	147	220	100	10	03	99
067	00050001	0	148	220	100	10	03	99
068	00050002	0	148	220	100	10	03	99
								
LGM								
129	00001871	0						
130	00001872	0						
131	00001873	0						
132	00001874	0						
133	00001875	0						
134	00001876	0						
135	00001877	0						
136	00001878	0						
137	00001879	0						
138	00001880	0						
139	00001881	0						
140	00001882	0						
141	00001883	0						
142	00001884	0						
143	00001885	0						
144	00001886	0						
145	00001887	0						
146	00001888	0						
147	00070000	0						
148	00070001	0						
        								
SCM     								
002								
USM     								
001	00005386	0	129	220	100	10	03	1
002	00005387	0	129	220	100	10	03	1
003	00005388	0	130	220	100	10	03	1
004	00005389	0	130	220	100	10	03	1
005	00005390	0	130	220	100	10	03	1
006	00005391	0	130	220	100	10	03	1
007	00005392	0	131	220	100	10	03	1
008	00005393	0	131	220	100	10	03	1
009	00005394	0	131	220	100	10	03	1
010	00005395	0	132	220	100	10	03	1
011	00005396	0	132	220	100	10	03	1
012	00005397	0	133	220	100	10	03	1
013	00005398	0	133	220	100	10	03	1
014	00005399	0	134	220	100	10	03	1
015	00005400	0	134	220	100	10	03	1
016	00005401	0	134	220	100	10	03	1
017	00005402	0	135	220	100	10	03	1
018	00005403	0	135	220	100	10	03	1
019	00005404	0	136	220	100	10	03	1
020	00005405	0	136	220	100	10	03	1
021	00005406	0	136	220	100	10	03	1
022	00005407	0	137	220	100	10	03	1
023	00005408	0	137	220	100	10	03	1
024	00005409	0	138	220	100	10	03	1
025	00005410	0	138	220	100	10	03	1
026	00005411	0	138	220	100	10	03	1
027	00005412	0	139	220	100	10	03	1
028	00005413	0	139	220	100	10	03	1
029	00005414	0	140	220	100	10	03	1
030	00005415	0	140	220	100	10	03	1
031	00005416	0	140	220	100	10	03	1
032	00005417	0	141	220	100	10	03	1
033	00005418	0	141	220	100	10	03	1
034	00005419	0	141	220	100	10	03	1
035	00005420	0	142	220	100	10	03	1
036	00005421	0	142	220	100	10	03	1
037	00005422	0	142	220	100	10	03	1
038	00005423	0	143	220	100	10	03	1
039	00005424	0	143	220	100	10	03	1
040	00005425	0	143	220	100	10	03	1
041	00005426	0	144	220	100	10	03	1
042	00005427	0	144	220	100	10	03	1
043	00005428	0	144	220	100	10	03	1
044	00005429	0	144	220	100	10	03	1
045	00005430	0	145	220	100	10	03	1
046	00005431	0	145	220	100	10	03	1
047	00005432	0	145	220	100	10	03	1
048	00005433	0	146	220	100	10	03	1
049	00005434	0	146	220	100	10	03	1
050	00005435	0	146	220	100	10	03	1
051	00050000	0	147	220	100	10	03	99
052	00050001	0	148	220	100	10	03	99
								
								
LGM								
129	00001889	0						
130	00001890	0						
131	00001891	0						
132	00001892	0						
133	00001893	0						
134	00001894	0						
135	00001895	0						
136	00001896	0						
137	00001897	0						
138	00001898	0						
139	00001899	0						
140	00001900	0						
141	00001901	0						
142	00001902	0						
143	00001903	0						
144	00001904	0						
145	00001906	0						
146	00001907	0						
147	00070000	0						
148	00070001	0						
								
SCM								
003								
USM								
001	00005436	0	129	220	100	10	03	2
002	00005437	0	130	220	100	10	03	2
003	00005438	0	131	220	100	10	03	2
004	00005439	0	131	220	100	10	03	2
005	00005440	0	132	220	100	10	03	2
006	00005441	0	132	220	100	10	03	2
007	00005442	0	132	220	100	10	03	2
008	00005443	0	133	220	100	10	03	2
009	00005444	0	133	220	100	10	03	2
010	00005445	0	134	220	100	10	03	2
011	00005446	0	134	220	100	10	03	2
012	00005447	0	134	220	100	10	03	2
013	00005448	0	134	220	100	10	03	2
014	00005449	0	135	220	100	10	03	2
015	00005450	0	135	220	100	10	03	2
016	00005451	0	135	220	100	10	03	2
017	00005452	0	136	220	100	10	03	2
018	00005453	0	136	220	100	10	03	2
019	00005454	0	137	220	100	10	03	2
020	00005455	0	137	220	100	10	03	2
021	00005456	0	138	220	100	10	03	2
022	00005457	0	138	220	100	10	03	2
023	00005458	0	138	220	100	10	03	2
024	00005459	0	139	220	100	10	03	2
025	00007737	0	139	220	100	10	03	2
026	00005461	0	139	220	100	10	03	2
027	00005462	0	139	220	100	10	03	3
028	00005463	0	140	220	100	10	03	3
029	00005464	0	140	220	100	10	03	3
030	00005465	0	140	220	100	10	03	3
031	00005466	0	140	220	100	10	03	3
032	00005467	0	140	220	100	10	03	3
033	00005468	0	141	220	100	10	03	3
034	00005469	0	141	220	100	10	03	3
035	00005470	0	141	220	100	10	03	3
036	00005471	0	141	220	100	10	03	3
037	00005472	0	141	220	100	10	03	3
038	00050000	0	142	220	100	10	03	99
								
LGM								
129	00001911	0						
130	00001912	0						
131	00001910	0						
132	00001908	0						
133	00001909	0						
134	00001913	0						
135	00001914	0						
136	00001915	0						
137	00001916	0						
138	00001917	0						
139	00001918	0						
140	00001919	0						
141	00001920	0						
142	00070000	0						
								
SCM								
004								
USM								
001	00005473	0	129	220	100	10	03	4
002	00005474	0	129	220	100	10	03	4
003	00005475	0	129	220	100	10	03	4
004	00005476	0	129	220	100	10	03	4
005	00005477	0	129	220	100	10	03	4
006	00005478	0	130	220	100	10	03	4
007	00005479	0	130	220	100	10	03	4
008	00005480	0	130	220	100	10	03	4
009	00005481	0	130	220	100	10	03	4
010	00005482	0	131	220	100	10	03	4
011	00005483	0	131	220	100	10	03	4
012	00005484	0	131	220	100	10	03	4
013	00005485	0	131	220	100	10	03	4
014	00005486	0	132	220	100	10	03	4
015	00005487	0	132	220	100	10	03	4
016	00005488	0	132	220	100	10	03	4
017	00005489	0	133	220	100	10	03	4
018	00005490	0	133	220	100	10	03	4
019	00005491	0	133	220	100	10	03	4
020	00005492	0	134	220	100	10	03	4
021	00005493	0	134	220	100	10	03	4
022	00005494	0	134	220	100	10	03	4
023	00005495	0	134	220	100	10	03	4
024	00005496	0	135	220	100	10	03	4
025	00005497	0	135	220	100	10	03	4
026	00005498	0	135	220	100	10	03	4
027	00005499	0	136	220	100	10	03	4
028	00005500	0	136	220	100	10	03	4
029	00005501	0	136	220	100	10	03	4
030	00005502	0	136	220	100	10	03	4
031	00005503	0	137	220	100	10	03	4
032	00005504	0	137	220	100	10	03	4
033	00005505	0	137	220	100	10	03	4
034	00005506	0	138	220	100	10	03	4
035	00005507	0	138	220	100	10	03	4
036	00005508	0	138	220	100	10	03	4
037	00005509	0	139	220	100	10	03	4
038	00005510	0	139	220	100	10	03	4
039	00005511	0	139	220	100	10	03	4
040	00005512	0	140	220	100	10	03	4
041	00005513	0	140	220	100	10	03	4
042	00005514	0	140	220	100	10	03	4
043	00005515	0	141	220	100	10	03	4
044	00005516	0	141	220	100	10	03	4
045	00005517	0	141	220	100	10	03	4
046	00005518	0	142	220	100	10	03	4
047	00005519	0	142	220	100	10	03	4
048	00005520	0	142	220	100	10	03	4
049	00005521	0	143	220	100	10	03	4
050	00005522	0	143	220	100	10	03	4
051	00050000	0	144	220	100	10	03	99
052	00050001	0	144	220	100	10	03	99
								
								
LGM								
129	00001921	0						
130	00001922	0						
131	00001923	0						
132	00001924	0						
133	00001925	0						
134	00001926	0						
135	00001927	0						
136	00001928	0						
137	00001929	0						
138	00001930	0						
139	00001931	0						
140	00001932	0						
141	00001933	0						
142	00001934	0						
143	00001935	0						
144	00070000	0						
								
SCM								
005								
USM								
001	00005525	0	129	220	100	10	03	4
002	00005526	0	129	220	100	10	03	4
003	00005527	0	129	220	100	10	03	4
004	00005528	0	130	220	100	10	03	4
005	00005529	0	130	220	100	10	03	4
006	00005530	0	130	220	100	10	03	4
007	00005531	0	131	220	100	10	03	4
008	00005532	0	131	220	100	10	03	4
009	00005533	0	131	220	100	10	03	4
010	00005534	0	131	220	100	10	03	4
011	00005535	0	132	220	100	10	03	4
012	00005536	0	132	220	100	10	03	4
013	00005537	0	132	220	100	10	03	4
014	00005538	0	132	220	100	10	03	4
015	00005539	0	133	220	100	10	03	4
016	00005540	0	133	220	100	10	03	4
017	00005541	0	133	220	100	10	03	4
018	00005542	0	135	220	100	10	03	4
019	00005543	0	135	220	100	10	03	4
020	00005544	0	135	220	100	10	03	4
021	00005545	0	135	220	100	10	03	4
022	00005546	0	136	220	100	10	03	4
023	00005547	0	136	220	100	10	03	4
024	00005548	0	136	220	100	10	03	4
025	00005549	0	137	220	100	10	03	4
026	00005550	0	137	220	100	10	03	4
027	00005551	0	134	220	100	10	03	4
028	00005552	0	134	220	100	10	03	4
029	00005869	0	138	220	100	10	03	4
030	00005870	0	138	220	100	10	03	4
031	00005871	0	138	220	100	10	03	4
032	00005872	0	138	220	100	10	03	4
033	00005873	0	138	220	100	10	03	4
034	00005874	0	139	220	100	10	03	4
035	00005875	0	139	220	100	10	03	4
036	00005876	0	139	220	100	10	03	4
037	00005877	0	139	220	100	10	03	4
038	00005878	0	140	220	100	10	03	4
039	00005879	0	140	220	100	10	03	4
040	00005880	0	140	220	100	10	03	4
041	00005881	0	140	220	100	10	03	4
042	00005882	0	141	220	100	10	03	4
043	00005883	0	141	220	100	10	03	4
044	00005884	0	141	220	100	10	03	4
045	00005885	0	141	220	100	10	03	4
046	00005886	0	142	220	100	10	03	4
047	00005887	0	142	220	100	10	03	4
048	00005888	0	142	220	100	10	03	4
049	00005889	0	143	220	100	10	03	4
050	00005890	0	143	220	100	10	03	4
051	00005891	0	144	220	100	10	03	4
052	00005892	0	144	220	100	10	03	4
053	00005893	0	144	220	100	10	03	4
054	00005894	0	144	220	100	10	03	4
055	00005895	0	145	220	100	10	03	4
056	00005896	0	145	220	100	10	03	4
057	00005897	0	145	220	100	10	03	4
058	00005898	0	145	220	100	10	03	4
059	00005899	0	146	220	100	10	03	4
060	00005900	0	146	220	100	10	03	4
061	00007740	0	146	220	100	10	03	4
062	00005902	0	146	220	100	10	03	4
063	00005903	0	147	220	100	10	03	4
064	00005904	0	147	220	100	10	03	4
065	00005905	0	147	220	100	10	03	4
066	00005906	0	147	220	100	10	03	4
067	00005907	0	147	220	100	10	03	4
068	00050000	0	148	220	100	10	03	99
								
LGM								
129	00001940	0						
130	00001939	0						
131	00001938	0						
132	00001937	0						
133	00001936	0						
134	00001941	0						
135	00001942	0						
136	00001943	0						
137	00001944	0						
138	00002032	0						
139	00002033	0						
140	00002034	0						
141	00002035	0						
142	00002036	0						
143	00002037	0						
144	00002038	0						
145	00002039	0						
146	00002040	0						
147	00002041	0						
148	00070000	0						
								
								
								
								
SCM								
006								
USM								
001	00005523	0	129	220	100	10	03	5
002	00005524	0	129	220	100	10	03	5
003	00005553	0	129	220	100	10	03	5
004	00005554	0	129	220	100	10	03	5
005	00005555	0	129	220	100	10	03	5
006	00005556	0	130	220	100	10	03	5
007	00005557	0	130	220	100	10	03	5
008	00005558	0	130	220	100	10	03	5
009	00005559	0	130	220	100	10	03	5
010	00005560	0	131	220	100	10	03	5
011	00005561	0	131	220	100	10	03	5
012	00005562	0	132	220	100	10	03	5
013	00005563	0	132	220	100	10	03	5
014	00005564	0	132	220	100	10	03	5
015	00005565	0	132	220	100	10	03	5
016	00005566	0	132	220	100	10	03	5
017	00005567	0	133	220	100	10	03	5
018	00005568	0	133	220	100	10	03	5
019	00005569	0	133	220	100	10	03	5
020	00005570	0	133	220	100	10	03	5
021	00005571	0	134	220	100	10	03	5
022	00005572	0	134	220	100	10	03	5
023	00005573	0	134	220	100	10	03	5
024	00005574	0	135	220	100	10	03	5
025	00005575	0	135	220	100	10	03	5
026	00005576	0	135	220	100	10	03	5
027	00005577	0	135	220	100	10	03	5
028	00005578	0	136	220	100	10	03	5
029	00005579	0	136	220	100	10	03	5
030	00005580	0	136	220	100	10	03	5
031	00005581	0	136	220	100	10	03	5
032	00005582	0	136	220	100	10	03	5
033	00005583	0	137	220	100	10	03	5
034	00005584	0	137	220	100	10	03	5
035	00005585	0	138	220	100	10	03	5
036	00005586	0	138	220	100	10	03	5
037	00005587	0	138	220	100	10	03	5
038	00005588	0	139	220	100	10	03	5
039	00005589	0	139	220	100	10	03	5
040	00005590	0	140	220	100	10	03	5
041	00005591	0	140	220	100	10	03	5
042	00005592	0	140	220	100	10	03	5
043	00005593	0	140	220	100	10	03	5
044	00005594	0	140	220	100	10	03	5
045	00005595	0	141	220	100	10	03	5
046	00005596	0	141	220	100	10	03	5
047	00005597	0	142	220	100	10	03	5
048	00005598	0	142	220	100	10	03	5
049	00005599	0	142	220	100	10	03	5
050	00005600	0	142	220	100	10	03	5
051	00005601	0	142	220	100	10	03	5
052	00005602	0	143	220	100	10	03	5
053	00005603	0	143	220	100	10	03	5
054	00005604	0	143	220	100	10	03	5
055	00050000	0	144	220	100	10	03	99
056	00050001	0	144	220	100	10	03	99
								
								
LGM								
129	00001945	0						
130	00001946	0						
131	00001947	0						
132	00001948	0						
133	00001949	0						
134	00001950	0						
135	00001956	0						
136	00001957	0						
137	00001958	0						
138	00001959	0						
139	00001953	0						
140	00001954	0						
141	00001955	0						
142	00001951	0						
143	00001952	0						
144	00070000	0						
								
SCM								
007								
USM								
001	00005605	0	129	220	100	10	03	5
002	00005606	0	129	220	100	10	03	5
003	00005607	0	130	220	100	10	03	5
004	00005608	0	130	220	100	10	03	5
005	00005609	0	130	220	100	10	03	5
006	00005610	0	130	220	100	10	03	5
007	00005611	0	130	220	100	10	03	5
008	00005612	0	131	220	100	10	03	5
009	00005613	0	131	220	100	10	03	5
010	00005614	0	131	220	100	10	03	5
011	00005615	0	131	220	100	10	03	5
012	00005616	0	132	220	100	10	03	5
013	00005617	0	132	220	100	10	03	5
014	00005618	0	132	220	100	10	03	5
015	00005619	0	133	220	100	10	03	5
016	00005620	0	133	220	100	10	03	5
017	00005621	0	133	220	100	10	03	5
018	00005622	0	134	220	100	10	03	5
019	00005623	0	134	220	100	10	03	5
020	00005624	0	134	220	100	10	03	5
021	00005625	0	134	220	100	10	03	5
022	00005626	0	135	220	100	10	03	5
023	00005627	0	135	220	100	10	03	5
024	00005628	0	135	220	100	10	03	5
025	00005629	0	135	220	100	10	03	5
026	00005630	0	135	220	100	10	03	5
027	00005631	0	136	220	100	10	03	5
028	00005632	0	136	220	100	10	03	5
029	00005633	0	136	220	100	10	03	5
030	00005634	0	137	220	100	10	03	5
031	00005635	0	137	220	100	10	03	5
032	00005636	0	137	220	100	10	03	5
033	00005637	0	137	220	100	10	03	5
034	00005638	0	138	220	100	10	03	5
035	00005639	0	138	220	100	10	03	5
036	00050000	0	139	220	100	10	03	99
037	00050001	0	140	220	100	10	03	99
038	00050002	0	140	220	100	10	03	99
								
LGM								
129	00001978	0						
130	00001979	0						
131	00001980	0						
132	00001981	0						
133	00001982	0						
134	00001983	0						
135	00001984	0						
136	00001985	0						
137	00001986	0						
138	00001987	0						
139	00070000	0						
140	00070001	0						
								
								
								
								
SCM								
008								
USM								
001	00005640	0	129	220	100	10	03	6
002	00005641	0	129	220	100	10	03	6
003	00005642	0	129	220	100	10	03	6
004	00005643	0	129	220	100	10	03	6
005	00005644	0	130	220	100	10	03	6
006	00005645	0	130	220	100	10	03	6
007	00005646	0	130	220	100	10	03	6
008	00005647	0	131	220	100	10	03	6
009	00005648	0	131	220	100	10	03	6
010	00005649	0	131	220	100	10	03	6
011	00005650	0	132	220	100	10	03	6
012	00005651	0	132	220	100	10	03	6
013	00005652	0	132	220	100	10	03	6
014	00005653	0	133	220	100	10	03	6
015	00005654	0	133	220	100	10	03	6
016	00005655	0	133	220	100	10	03	6
017	00005656	0	134	220	100	10	03	6
018	00005657	0	134	220	100	10	03	6
019	00005658	0	134	220	100	10	03	6
020	00005659	0	135	220	100	10	03	6
021	00005660	0	135	220	100	10	03	6
022	00005661	0	135	220	100	10	03	6
023	00005662	0	135	220	100	10	03	6
024	00005663	0	136	220	100	10	03	6
025	00005664	0	136	220	100	10	03	6
026	00005665	0	136	220	100	10	03	6
027	00005666	0	137	220	100	10	03	6
028	00005667	0	137	220	100	10	03	6
029	00005668	0	137	220	100	10	03	6
030	00005669	0	137	220	100	10	03	6
031	00005670	0	138	220	100	10	03	6
032	00005672	0	138	220	100	10	03	6
033	00005673	0	138	220	100	10	03	6
034	00005674	0	139	220	100	10	03	6
035	00005675	0	139	220	100	10	03	6
036	00005676	0	139	220	100	10	03	6
037	00005677	0	140	220	100	10	03	6
038	00005678	0	140	220	100	10	03	6
039	00005679	0	140	220	100	10	03	6
040	00005680	0	140	220	100	10	03	6
041	00005681	0	141	220	100	10	03	6
042	00005682	0	141	220	100	10	03	6
043	00005683	0	141	220	100	10	03	6
044	00005684	0	141	220	100	10	03	6
045	00005685	0	142	220	100	10	03	6
046	00005686	0	142	220	100	10	03	6
047	00005687	0	142	220	100	10	03	6
048	00005688	0	142	220	100	10	03	6
049	00005689	0	142	220	100	10	03	6
050	00005690	0	143	220	100	10	03	6
051	00005691	0	143	220	100	10	03	6
052	00005692	0	144	220	100	10	03	6
053	00005693	0	144	220	100	10	03	6
054	00005694	0	145	220	100	10	03	6
055	00005695	0	145	220	100	10	03	6
056	00005696	0	145	220	100	10	03	6
057	00005697	0	145	220	100	10	03	6
058	00005698	0	145	220	100	10	03	6
059	00005699	0	146	220	100	10	03	6
060	00005700	0	146	220	100	10	03	6
061	00050000	0	147	220	100	10	03	99
062	00050001	0	148	220	100	10	03	99
								
LGM								
129	00001960	0						
130	00001961	0						
131	00001962	0						
132	00001963	0						
133	00001964	0						
134	00001965	0						
135	00001966	0						
136	00001967	0						
137	00001968	0						
138	00001969	0						
139	00001970	0						
140	00001971	0						
141	00001972	0						
142	00001973	0						
143	00001974	0						
144	00001975	0						
145	00001976	0						
146	00001977	0						
147	00070000	0						
148	00070001	0						
								
SCM								
009								
USM								
001	00005701	0	129	220	100	10	03	6
002	00005702	0	129	220	100	10	03	6
003	00005703	0	129	220	100	10	03	6
004	00005704	0	129	220	100	10	03	6
005	00005705	0	130	220	100	10	03	6
006	00005706	0	130	220	100	10	03	6
007	00005707	0	130	220	100	10	03	6
008	00005708	0	130	220	100	10	03	6
009	00005709	0	130	220	100	10	03	6
010	00005710	0	131	220	100	10	03	6
011	00005711	0	131	220	100	10	03	6
012	00005712	0	131	220	100	10	03	6
013	00005713	0	131	220	100	10	03	6
014	00005714	0	132	220	100	10	03	6
015	00005715	0	132	220	100	10	03	6
016	00005716	0	132	220	100	10	03	6
017	00005717	0	132	220	100	10	03	6
018	00005718	0	133	220	100	10	03	6
019	00005719	0	133	220	100	10	03	6
020	00005720	0	133	220	100	10	03	6
021	00005721	0	133	220	100	10	03	6
022	00005722	0	134	220	100	10	03	6
023	00005723	0	134	220	100	10	03	6
024	00005724	0	135	220	100	10	03	6
025	00005725	0	135	220	100	10	03	6
026	00005726	0	135	220	100	10	03	6
027	00005727	0	135	220	100	10	03	6
028	00005728	0	136	220	100	10	03	6
029	00005729	0	136	220	100	10	03	6
030	00005730	0	139	220	100	10	03	6
031	00005731	0	140	220	100	10	03	6
032	00005732	0	140	220	100	10	03	6
033	00005733	0	140	220	100	10	03	6
034	00005734	0	141	220	100	10	03	6
035	00005735	0	141	220	100	10	03	6
036	00005736	0	142	220	100	10	03	6
037	00005737	0	142	220	100	10	03	6
038	00005738	0	142	220	100	10	03	6
039	00005739	0	143	220	100	10	03	6
040	00005740	0	143	220	100	10	03	6
041	00005741	0	143	220	100	10	03	6
042	00005742	0	144	220	100	10	03	6
043	00005743	0	144	220	100	10	03	6
044	00005744	0	144	220	100	10	03	6
045	00005745	0	145	220	100	10	03	6
046	00005746	0	145	220	100	10	03	6
047	00005747	0	146	220	100	10	03	6
048	00005748	0	146	220	100	10	03	6
049	00005749	0	146	220	100	10	03	6
050	00005750	0	147	220	100	10	03	6
051	00005751	0	147	220	100	10	03	6
052	00005752	0	147	220	100	10	03	6
053	00005753	0	148	220	100	10	03	6
054	00005754	0	148	220	100	10	03	6
055	00005755	0	148	220	100	10	03	6
056	00005756	0	149	220	100	10	03	6
057	00005757	0	149	220	100	10	03	6
058	00005758	0	149	220	100	10	03	6
059	00050000	0	150	220	100	10	03	99
060	00050001	0	150	220	100	10	03	99
								
LGM								
129	00002123	0						
130	00001989	0						
131	00001990	0						
132	00001991	0						
133	00001992	0						
134	00001993	0						
135	00001994	0						
136	00001995	0						
137	00001996	0						
138	00001997	0						
139	00001998	0						
140	00001999	0						
141	00002000	0						
142	00002001	0						
143	00070000	0						
144	00070001	0						
								
SCM								
010								
USM								
001	00005759	0	129	220	100	10	03	7
002	00005760	0	129	220	100	10	03	7
003	00005761	0	129	220	100	10	03	7
004	00005762	0	130	220	100	10	03	7
005	00005763	0	130	220	100	10	03	7
006	00005764	0	130	220	100	10	03	7
007	00005765	0	130	220	100	10	03	7
008	00005766	0	131	220	100	10	03	7
009	00005767	0	131	220	100	10	03	7
010	00005768	0	131	220	100	10	03	7
011	00005769	0	131	220	100	10	03	7
012	00005770	0	132	220	100	10	03	7
013	00005771	0	132	220	100	10	03	7
014	00005772	0	132	220	100	10	03	7
015	00005773	0	133	220	100	10	03	7
016	00005774	0	133	220	100	10	03	7
017	00005775	0	134	220	100	10	03	7
018	00005776	0	134	220	100	10	03	7
019	00005777	0	134	220	100	10	03	7
020	00005778	0	134	220	100	10	03	7
021	00005779	0	135	220	100	10	03	7
022	00005780	0	135	220	100	10	03	7
023	00005781	0	135	220	100	10	03	7
024	00005782	0	136	220	100	10	03	7
025	00005783	0	136	220	100	10	03	7
026	00005784	0	136	220	100	10	03	7
027	00005785	0	136	220	100	10	03	7
028	00005786	0	137	220	100	10	03	7
029	00005787	0	137	220	100	10	03	7
030	00005788	0	137	220	100	10	03	7
031	00005789	0	137	220	100	10	03	7
032	00005790	0	138	220	100	10	03	7
033	00005791	0	138	220	100	10	03	7
034	00005792	0	138	220	100	10	03	7
035	00005793	0	138	220	100	10	03	7
036	00005794	0	138	220	100	10	03	7
037	00005795	0	138	220	100	10	03	7
038	00005796	0	139	220	100	10	03	7
039	00005797	0	139	220	100	10	03	7
040	00005798	0	139	220	100	10	03	7
041	00005799	0	139	220	100	10	03	7
042	00005800	0	139	220	100	10	03	7
043	00005801	0	140	220	100	10	03	7
044	00005802	0	140	220	100	10	03	7
045	00005803	0	140	220	100	10	03	7
046	00005804	0	140	220	100	10	03	7
047	00005805	0	141	220	100	10	03	7
048	00005806	0	141	220	100	10	03	7
049	00005807	0	141	220	100	10	03	7
050	00005808	0	141	220	100	10	03	7
051	00005809	0	142	220	100	10	03	7
052	00005810	0	142	220	100	10	03	7
053	00005811	0	142	220	100	10	03	7
054	00005812	0	142	220	100	10	03	7
055	00050000	0	143	220	100	10	03	99
056	00050001	0	144	220	100	10	03	99
								
LGM								
129	00001905	0						
130	00002002	0						
131	00002003	0						
132	00000607	0						
133	00000631	0						
134	00000630	0						
135	00000626	0						
136	00000624	0						
137	00000623	0						
138	00000622	0						
139	00000606	0						
140	00002106	0						
141	00002105	0						
142	00002014	0						
143	00070000	0						
144	00070001	0						
								
								
SCM								
011								
USM								
001	00005813	0	129	220	100	10	03	1
002	00005814	0	129	220	100	10	03	1
003	00005815	0	129	220	100	10	03	1
004	00005816	0	130	220	100	10	03	1
005	00005817	0	130	220	100	10	03	1
006	00005818	0	131	220	100	10	03	1
007	00005819	0	131	220	100	10	03	1
008	00005820	0	131	220	100	10	03	1
009	00005821	0	132	220	100	10	03	1
010	00005822	0	132	220	100	10	03	1
011	00005823	0	132	220	100	10	03	1
012	00005824	0	132	220	100	10	03	1
013	00005825	0	132	220	100	10	03	1
014	00005826	0	133	220	100	10	03	1
015	00005827	0	133	220	100	10	03	1
016	00005828	0	134	220	100	10	03	1
017	00005829	0	134	220	100	10	03	1
018	00005830	0	134	220	100	10	03	1
019	00005831	0	134	220	100	10	03	1
020	00005832	0	135	220	100	10	03	1
021	00005833	0	135	220	100	10	03	1
022	00005834	0	135	220	100	10	03	1
023	00005835	0	136	220	100	10	03	1
024	00005836	0	136	220	100	10	03	1
025	00005837	0	136	220	100	10	03	1
026	00005838	0	136	220	100	10	03	1
027	00005839	0	137	220	100	10	03	1
028	00005840	0	137	220	100	10	03	1
029	00005841	0	137	220	100	10	03	1
030	00005842	0	138	220	100	10	03	1
031	00005843	0	138	220	100	10	03	1
032	00005844	0	138	220	100	10	03	1
033	00005845	0	138	220	100	10	03	1
034	00005846	0	139	220	100	10	03	1
035	00005847	0	139	220	100	10	03	1
036	00005848	0	139	220	100	10	03	1
037	00005849	0	140	220	100	10	03	1
038	00005850	0	140	220	100	10	03	1
039	00005851	0	140	220	100	10	03	1
040	00005852	0	140	220	100	10	03	1
041	00005853	0	141	220	100	10	03	1
042	00005854	0	141	220	100	10	03	1
043	00005855	0	141	220	100	10	03	1
044	00005856	0	141	220	100	10	03	1
045	00005857	0	141	220	100	10	03	1
046	00005858	0	142	220	100	10	03	1
047	00005859	0	142	220	100	10	03	1
048	00005860	0	143	220	100	10	03	1
049	00005861	0	143	220	100	10	03	1
050	00005862	0	143	220	100	10	03	1
051	00005863	0	143	220	100	10	03	1
052	00005864	0	144	220	100	10	03	1
053	00005865	0	144	220	100	10	03	1
054	00005866	0	145	220	100	10	03	1
055	00005867	0	145	220	100	10	03	1
056	00005868	0	145	220	100	10	03	1
046	00005886	0	146	220	100	10	03	4
047	00005887	0	146	220	100	10	03	4
048	00005888	0	146	220	100	10	03	4
049	00005889	0	147	220	100	10	03	4
050	00005890	0	147	220	100	10	03	4
057	00050000	0	148	220	100	10	03	99
058	00050001	0	148	220	100	10	03	99
								
LGM								
129	00002015	0						
130	00002016	0						
131	00002017	0						
132	00002018	0						
133	00002019	0						
134	00002020	0						
135	00002021	0						
136	00002022	0						
137	00002023	0						
138	00002024	0						
139	00002025	0						
140	00002026	0						
141	00002027	0						
142	00002028	0						
143	00002029	0						
144	00002030	0						
145	00002031	0						
146	00002036	0						
147	00002037	0						
148	00070000	0						
