SCM
001
USM
001	00004795	0	129	250	100	05	10	1
002	00004796	0	129	250	100	05	10	1
003	00004797	0	129	250	100	05	10	1
004	00004798	0	130	250	100	05	10	1
005	00004799	0	130	250	100	05	10	1
006	00004800	0	130	250	100	05	10	1
007	00004801	0	130	250	100	05	10	1
008	00004802	0	131	250	100	05	10	1
009	00004803	0	131	250	100	05	10	1
010	00004804	0	131	250	100	05	10	1
011	00004805	0	132	250	100	05	10	1
012	00004806	0	132	250	100	05	10	1
013	00004807	0	132	250	100	05	10	1
014	00004808	0	133	250	100	05	10	1
015	00004809	0	133	250	100	05	10	1
016	00004810	0	133	250	100	05	10	1
017	00004811	0	133	250	100	05	10	1
018	00004812	0	134	250	100	05	10	1
019	00004813	0	134	250	100	05	10	1
020	00004814	0	134	250	100	05	10	1
021	00004815	0	135	250	100	05	10	1
022	00004816	0	135	250	100	05	10	1
023	00004817	0	135	250	100	05	10	1
024	00004818	0	135	250	100	05	10	1
025	00004819	0	136	250	100	05	10	1
026	00004820	0	136	250	100	05	10	1
027	00004821	0	137	250	100	05	10	1
028	00004822	0	137	250	100	05	10	1
029	00004823	0	137	250	100	05	10	1
030	00004824	0	138	250	100	05	10	1
031	00004825	0	138	250	100	05	10	1
032	00004826	0	138	250	100	05	10	1
033	00004827	0	138	250	100	05	10	1
034	00004828	0	139	250	100	05	10	1
035	00004829	0	139	250	100	05	10	1
036	00004830	0	139	250	100	05	10	1
037	00004457	0	140	250	100	05	10	1
038	00004458	0	140	250	100	05	10	1
039	00004459	0	140	250	100	05	10	1
040	00004460	0	140	250	100	05	10	1
041	00004461	0	141	250	100	05	10	1
042	00004462	0	141	250	100	05	10	1
043	00004463	0	141	250	100	05	10	1
044	00004464	0	142	250	100	05	10	1
045	00004465	0	142	250	100	05	10	1
046	00004466	0	142	250	100	05	10	1
047	00004467	0	142	250	100	05	10	1
048	00004468	0	143	250	100	05	10	1
049	00004469	0	143	250	100	05	10	1
050	00004470	0	143	250	100	05	10	1
051	00004471	0	144	250	100	05	10	1
052	00004472	0	144	250	100	05	10	1
053	00004473	0	144	250	100	05	10	1
054	00004474	0	144	250	100	05	10	1
055	00070001	0	145	250	100	05	10	99
056	00070002	0	145	250	100	05	10	99




LGM
129	00001571	0
130	00001572	0
131	00001573	0
132	00001574	0
133	00001575	0
134	00001576	0
135	00001577	0
136	00001578	0
137	00001579	0
138	00001580	0
139	00001581	0
140	00001582	0
141	00001583	0
142	00001584	0
143	00001585	0
144	00001586	0
145	00070000	0
146	00070001	0



       
        
SCM     
002     
USM     
001	00004475	0	129	250	100	05	10	1
002	00004476	0	129	250	100	05	10	1
003	00004477	0	129	250	100	05	10	1
004	00004478	0	129	250	100	05	10	1
005	00004479	0	130	250	100	05	10	1
006	00004480	0	130	250	100	05	10	1
007	00004481	0	130	250	100	05	10	1
008	00004482	0	131	250	100	05	10	1
009	00004483	0	131	250	100	05	10	1
010	00004484	0	131	250	100	05	10	1
011	00004485	0	131	250	100	05	10	1
012	00004486	0	132	250	100	05	10	1
013	00004487	0	132	250	100	05	10	1
014	00004488	0	132	250	100	05	10	1
015	00004489	0	132	250	100	05	10	1
016	00004490	0	132	250	100	05	10	1
017	00004491	0	133	250	100	05	10	1
018	00004492	0	133	250	100	05	10	1
019	00004493	0	133	250	100	05	10	1
020	00004494	0	133	250	100	05	10	1
021	00004495	0	133	250	100	05	10	1
022	00004496	0	134	250	100	05	10	1
023	00004497	0	134	250	100	05	10	1
024	00004498	0	134	250	100	05	10	1
025	00004499	0	134	250	100	05	10	1
026	00004500	0	135	250	100	05	10	1
027	00004501	0	135	250	100	05	10	1
028	00004502	0	135	250	100	05	10	1
029	00004503	0	136	250	100	05	10	1
030	00004504	0	136	250	100	05	10	1
031	00004505	0	136	250	100	05	10	1
032	00004506	0	136	250	100	05	10	1
033	00004507	0	137	250	100	05	10	1
034	00004508	0	137	250	100	05	10	1
035	00004509	0	137	250	100	05	10	1
036	00004510	0	137	250	100	05	10	1
037	00004511	0	138	250	100	05	10	1
038	00004512	0	138	250	100	05	10	1
039	00004513	0	138	250	100	05	10	1
040	00004514	0	139	250	100	05	10	1
041	00004515	0	139	250	100	05	10	1
042	00004516	0	139	250	100	05	10	1
043	00004517	0	139	250	100	05	10	1
044	00004518	0	139	250	100	05	10	1
045	00004519	0	140	250	100	05	10	1
046	00004520	0	140	250	100	05	10	1
047	00004521	0	140	250	100	05	10	1
048	00004522	0	140	250	100	05	10	1
049	00004523	0	140	250	100	05	10	1
050	00004524	0	141	250	100	05	10	1
051	00004525	0	142	250	100	05	10	1
052	00004526	0	142	250	100	05	10	1
053	00004527	0	142	250	100	05	10	1
054	00004528	0	143	250	100	05	10	1
055	00004529	0	143	250	100	05	10	1
056	00004530	0	143	250	100	05	10	1
057	00004531	0	143	250	100	05	10	1
058	00070000	0	144	250	100	05	10	99
059	00070001	0	145	250	100	05	10	99
060	00070002	0	146	250	100	05	10	99




LGM
129	00001587	0
130	00001588	0
131	00001589	0
132	00001590	0
133	00001591	0
134	00001592	0
135	00001593	0
136	00001594	0
137	00001595	0
138	00001596	0
139	00001597	0
140	00001598	0
141	00001599	0
142	00001600	0
143	00001601	0
144	00070000	0
145	00070001	0
146	00070002	0




SCM
003
USM
001	00004532	0	129	250	100	05	10	1
002	00004533	0	129	250	100	05	10	1
003	00004534	0	129	250	100	05	10	1
004	00004535	0	130	250	100	05	10	1
005	00004536	0	130	250	100	05	10	1
006	00004537	0	130	250	100	05	10	1
007	00004538	0	130	250	100	05	10	1
008	00004539	0	131	250	100	05	10	1
009	00004540	0	131	250	100	05	10	1
010	00004541	0	131	250	100	05	10	1
011	00004542	0	132	250	100	05	10	1
012	00004543	0	132	250	100	05	10	1
013	00004544	0	132	250	100	05	10	1
014	00004545	0	132	250	100	05	10	1
015	00004546	0	132	250	100	05	10	1
016	00004547	0	133	250	100	05	10	1
017	00004548	0	133	250	100	05	10	1
018	00004549	0	133	250	100	05	10	1
019	00004550	0	134	250	100	05	10	1
020	00004551	0	134	250	100	05	10	1
021	00004552	0	134	250	100	05	10	1
022	00004553	0	134	250	100	05	10	1
023	00004554	0	135	250	100	05	10	1
024	00004555	0	135	250	100	05	10	1
025	00004556	0	135	250	100	05	10	1
026	00004557	0	136	250	100	05	10	1
027	00004558	0	136	250	100	05	10	1
028	00004559	0	136	250	100	05	10	1
029	00004560	0	136	250	100	05	10	1
030	00004561	0	137	250	100	05	10	1
031	00004562	0	137	250	100	05	10	1
032	00004563	0	137	250	100	05	10	1
033	00004564	0	137	250	100	05	10	1
034	00004565	0	138	250	100	05	10	1
035	00004566	0	138	250	100	05	10	1
036	00004567	0	138	250	100	05	10	1
037	00004568	0	139	250	100	05	10	1
038	00004569	0	139	250	100	05	10	1
039	00004570	0	139	250	100	05	10	1
040	00004571	0	139	250	100	05	10	1
041	00004572	0	140	250	100	05	10	1
042	00004573	0	140	250	100	05	10	1
043	00004574	0	140	250	100	05	10	1
044	00004575	0	141	250	100	05	10	1
045	00004576	0	141	250	100	05	10	1
046	00004577	0	141	250	100	05	10	1
047	00004578	0	141	250	100	05	10	1
048	00004579	0	141	250	100	05	10	1
049	00004580	0	142	250	100	05	10	1
050	00004581	0	142	250	100	05	10	1
051	00004582	0	142	250	100	05	10	1
052	00004583	0	143	250	100	05	10	1
053	00004584	0	143	250	100	05	10	1
054	00004585	0	143	250	100	05	10	1
055	00004586	0	143	250	100	05	10	1
056	00004587	0	144	250	100	05	10	1
057	00004588	0	144	250	100	05	10	1
058	00004589	0	144	250	100	05	10	1
059	00070001	0	145	250	100	05	10	99
060	00070002	0	146	250	100	05	10	99






LGM
129	00001602	0
130	00001603	0
131	00001604	0
132	00001605	0
133	00001606	0
134	00001607	0
135	00001608	0
136	00001609	0
137	00001610	0
138	00001611	0
139	00001612	0
140	00001613	0
141	00001614	0
142	00001615	0
143	00001616	0
144	00001617	0
145	00070001	0
146	00070002	0





SCM
004
USM
001	00004590	0	129	250	100	05	10	1
002	00004591	0	129	250	100	05	10	1
003	00004592	0	129	250	100	05	10	1
004	00004593	0	129	250	100	05	10	1
005	00004594	0	129	250	100	05	10	1
006	00004595	0	130	250	100	05	10	1
007	00004596	0	130	250	100	05	10	1
008	00004597	0	130	250	100	05	10	1
009	00004598	0	130	250	100	05	10	1
010	00004599	0	131	250	100	05	10	1
011	00004600	0	131	250	100	05	10	1
012	00004601	0	131	250	100	05	10	1
013	00004602	0	132	250	100	05	10	1
014	00004603	0	132	250	100	05	10	1
015	00004604	0	132	250	100	05	10	1
016	00004605	0	132	250	100	05	10	1
017	00004606	0	133	250	100	05	10	1
018	00004607	0	133	250	100	05	10	1
019	00004608	0	133	250	100	05	10	1
020	00004609	0	133	250	100	05	10	1
021	00004610	0	134	250	100	05	10	1
022	00004611	0	134	250	100	05	10	1
023	00004612	0	134	250	100	05	10	1
024	00004613	0	135	250	100	05	10	1
025	00004614	0	135	250	100	05	10	1
026	00004615	0	135	250	100	05	10	1
027	00004616	0	135	250	100	05	10	1
028	00004617	0	135	250	100	05	10	1
029	00004618	0	136	250	100	05	10	1
030	00004619	0	136	250	100	05	10	1
031	00004620	0	136	250	100	05	10	1
032	00004621	0	136	250	100	05	10	1
033	00004622	0	136	250	100	05	10	1
034	00004623	0	137	250	100	05	10	1
035	00004624	0	137	250	100	05	10	1
036	00004625	0	137	250	100	05	10	1
037	00004626	0	138	250	100	05	10	1
038	00004627	0	138	250	100	05	10	1
039	00004628	0	138	250	100	05	10	1
040	00004629	0	138	250	100	05	10	1
041	00004630	0	139	250	100	05	10	1
042	00004631	0	139	250	100	05	10	1
043	00004632	0	139	250	100	05	10	1
044	00004633	0	140	250	100	05	10	1
045	00004634	0	140	250	100	05	10	1
046	00004635	0	140	250	100	05	10	1
047	00004636	0	140	250	100	05	10	1
048	00004637	0	141	250	100	05	10	1
049	00004638	0	141	250	100	05	10	1
050	00004639	0	141	250	100	05	10	1
051	00004640	0	142	250	100	05	10	1
052	00004641	0	142	250	100	05	10	1
053	00004642	0	142	250	100	05	10	1
054	00004643	0	142	250	100	05	10	1
055	00004644	0	143	250	100	05	10	1
056	00004645	0	143	250	100	05	10	1
057	00004646	0	143	250	100	05	10	1
058	00004647	0	143	250	100	05	10	1
059	00004648	0	143	250	100	05	10	1
060	00004649	0	144	250	100	05	10	1
061	00004650	0	144	250	100	05	10	1
062	00004651	0	144	250	100	05	10	1
063	00004652	0	144	250	100	05	10	1
064	00004653	0	144	250	100	05	10	1
065	00004654	0	145	250	100	05	10	1
066	00070000	0	146	250	100	05	10	99
067	00070001	0	146	250	100	05	10	99
068	00070002	0	146	250	100	05	10	99






LGM
129	00001618	0
130	00001619	0
131	00001620	0
132	00001621	0
133	00001622	0
134	00001623	0
135	00001624	0
136	00001625	0
137	00001626	0
138	00001627	0
139	00001628	0
140	00001629	0
141	00001630	0
142	00001631	0
143	00001632	0
144	00001633	0
145	00001634	0
146	00070001	0
147	00070002	0
148	00070003	0






SCM
005
USM
001	00004655	0	129	250	100	05	10	1
002	00004656	0	129	250	100	05	10	1
003	00004657	0	129	250	100	05	10	1
004	00004658	0	129	250	100	05	10	1
005	00004659	0	130	250	100	05	10	1
006	00004660	0	130	250	100	05	10	1
007	00004661	0	130	250	100	05	10	1
008	00004662	0	131	250	100	05	10	1
009	00004663	0	131	250	100	05	10	1
010	00004664	0	131	250	100	05	10	1
011	00004665	0	131	250	100	05	10	1
012	00004666	0	132	250	100	05	10	1
013	00004667	0	132	250	100	05	10	1
014	00004668	0	132	250	100	05	10	1
015	00004669	0	133	250	100	05	10	1
016	00004670	0	133	250	100	05	10	1
017	00004671	0	133	250	100	05	10	1
018	00004672	0	133	250	100	05	10	1
019	00004673	0	134	250	100	05	10	1
020	00004674	0	134	250	100	05	10	1
021	00004675	0	134	250	100	05	10	1
022	00004676	0	135	250	100	05	10	1
023	00004677	0	135	250	100	05	10	1
024	00004678	0	135	250	100	05	10	1
025	00004679	0	135	250	100	05	10	1
026	00004680	0	135	250	100	05	10	1
027	00004681	0	136	250	100	05	10	1
028	00004682	0	136	250	100	05	10	1
029	00004683	0	136	250	100	05	10	1
030	00004684	0	136	250	100	05	10	1
031	00004685	0	136	250	100	05	10	1
032	00004686	0	137	250	100	05	10	1
033	00004687	0	137	250	100	05	10	1
034	00004688	0	137	250	100	05	10	1
035	00004689	0	138	250	100	05	10	1
036	00004690	0	138	250	100	05	10	1
037	00004691	0	138	250	100	05	10	1
038	00004692	0	138	250	100	05	10	1
039	00004693	0	139	250	100	05	10	1
040	00004694	0	139	250	100	05	10	1
041	00004695	0	139	250	100	05	10	1
042	00004696	0	140	250	100	05	10	1
043	00004697	0	140	250	100	05	10	1
044	00004698	0	140	250	100	05	10	1
045	00004699	0	140	250	100	05	10	1
046	00004700	0	141	250	100	05	10	1
047	00004701	0	141	250	100	05	10	1
048	00004702	0	141	250	100	05	10	1
049	00004703	0	142	250	100	05	10	1
050	00004704	0	142	250	100	05	10	1
051	00004705	0	142	250	100	05	10	1
052	00004706	0	142	250	100	05	10	1
053	00004707	0	143	250	100	05	10	1
054	00004708	0	143	250	100	05	10	1
055	00004709	0	143	250	100	05	10	1
056	00004710	0	144	250	100	05	10	1
057	00004711	0	144	250	100	05	10	1
058	00004712	0	144	250	100	05	10	1
059	00004713	0	145	250	100	05	10	1
060	00004714	0	145	250	100	05	10	1
061	00004715	0	145	250	100	05	10	1
062	00004716	0	146	250	100	05	10	1
063	00004717	0	146	250	100	05	10	1
064	00004718	0	146	250	100	05	10	1
065	00004719	0	147	250	100	05	10	1
066	00004720	0	147	250	100	05	10	1
067	00004721	0	147	250	100	05	10	1
068	00004722	0	148	250	100	05	10	1
069	00004723	0	148	250	100	05	10	1
070	00004724	0	148	250	100	05	10	1
071	00070000	0	149	250	100	05	10	99
072	00070001	0	149	250	100	05	10	99





LGM
129	00001635	0
130	00001636	0
131	00001637	0
132	00001638	0
133	00001639	0
134	00001640	0
135	00001641	0
136	00001642	0
137	00001643	0
138	00001644	0
139	00001645	0
140	00001646	0
141	00001647	0
142	00001648	0
143	00001649	0
144	00001650	0
145	00001651	0
146	00001652	0
147	00001653	0
148	00001654	0
149	00070000	0
150	00070001	0







SCM
006
USM
001	00004725	0	129	250	100	05	10	1
002	00004726	0	129	250	100	05	10	1
003	00004727	0	129	250	100	05	10	1
004	00004728	0	130	250	100	05	10	1
005	00004729	0	130	250	100	05	10	1
006	00004730	0	130	250	100	05	10	1
007	00004731	0	131	250	100	05	10	1
008	00004732	0	131	250	100	05	10	1
009	00004733	0	131	250	100	05	10	1
010	00004734	0	131	250	100	05	10	1
011	00004735	0	132	250	100	05	10	1
012	00004736	0	132	250	100	05	10	1
013	00004737	0	132	250	100	05	10	1
014	00004738	0	133	250	100	05	10	1
015	00004739	0	133	250	100	05	10	1
016	00004740	0	133	250	100	05	10	1
017	00004741	0	133	250	100	05	10	1
018	00004742	0	134	250	100	05	10	1
019	00004743	0	134	250	100	05	10	1
020	00004744	0	134	250	100	05	10	1
021	00004745	0	135	250	100	05	10	1
022	00004746	0	135	250	100	05	10	1
023	00004747	0	135	250	100	05	10	1
024	00004748	0	136	250	100	05	10	1
025	00004749	0	136	250	100	05	10	1
026	00004750	0	136	250	100	05	10	1
027	00004751	0	137	250	100	05	10	1
028	00004752	0	137	250	100	05	10	1
029	00004753	0	137	250	100	05	10	1
030	00004754	0	138	250	100	05	10	1
031	00004755	0	138	250	100	05	10	1
032	00004756	0	138	250	100	05	10	1
033	00004757	0	138	250	100	05	10	1
034	00004758	0	139	250	100	05	10	1
035	00004759	0	139	250	100	05	10	1
036	00004760	0	139	250	100	05	10	1
037	00004761	0	140	250	100	05	10	1
038	00004762	0	140	250	100	05	10	1
039	00004763	0	140	250	100	05	10	1
040	00004764	0	140	250	100	05	10	1
041	00004765	0	141	250	100	05	10	1
042	00004766	0	141	250	100	05	10	1
043	00004767	0	141	250	100	05	10	1
044	00004768	0	141	250	100	05	10	1
045	00004769	0	142	250	100	05	10	1
046	00004770	0	142	250	100	05	10	1
047	00004771	0	142	250	100	05	10	1
048	00004772	0	143	250	100	05	10	1
049	00004773	0	143	250	100	05	10	1
050	00004774	0	143	250	100	05	10	1
051	00004775	0	143	250	100	05	10	1
052	00004776	0	144	250	100	05	10	1
053	00004777	0	144	250	100	05	10	1
054	00004778	0	144	250	100	05	10	1
055	00004779	0	145	250	100	05	10	1
056	00004780	0	145	250	100	05	10	1
057	00004781	0	145	250	100	05	10	1
058	00004782	0	146	250	100	05	10	1
059	00004783	0	146	250	100	05	10	1
060	00004784	0	146	250	100	05	10	1
061	00004785	0	147	250	100	05	10	1
062	00004786	0	147	250	100	05	10	1
063	00004787	0	147	250	100	05	10	1
064	00004788	0	148	250	100	05	10	1
065	00004789	0	148	250	100	05	10	1
066	00004790	0	148	250	100	05	10	1
067	00004791	0	148	250	100	05	10	1
068	00004792	0	149	250	100	05	10	1
069	00004793	0	149	250	100	05	10	1
070	00004794	0	149	250	100	05	10	1
071	00070000	0	150	250	100	05	10	99
072	00070001	0	150	250	100	05	10	99






LGM
129	00001655	0
130	00001656	0
131	00001657	0
132	00001658	0
133	00001659	0
134	00001660	0
135	00001661	0
136	00001662	0
137	00001663	0
138	00001664	0
139	00001665	0
140	00001666	0
141	00001667	0
142	00001668	0
143	00001669	0
144	00001670	0
145	00001551	0
146	00001552	0
147	00001553	0
148	00001554	0
149	00001555	0
150	00070000	0
151	00070001	0
152	00070002	0