SCM
001
USM
001	00000140	0	129	220	110	05	10	1
002	00000141	0	129	220	110	05	10	1
003	00000142	0	129	220	110	05	10	1
004	00000143	0	129	220	110	05	10	1
005	00000144	0	129	220	110	05	10	1
006	00000145	0	130	220	110	05	10	1
007	00000146	0	130	220	110	05	10	1
008	00000147	0	130	220	110	05	10	1
009	00000148	0	130	220	110	05	10	1
010	00000149	0	130	220	110	05	10	1
011	00000150	0	131	220	110	05	10	1
012	00000151	0	131	220	110	05	10	1
013	00000152	0	132	220	110	05	10	1
014	00000153	0	132	220	110	05	10	1
015	00000154	0	132	220	110	05	10	1
016	00000155	0	132	220	110	05	10	1
017	00000156	0	133	220	110	05	10	1
018	00000157	0	133	220	110	05	10	1
019	00000158	0	134	220	110	05	10	1
020	00000159	0	134	220	110	05	10	1
021	00000160	0	134	220	110	05	10	1
022	00000161	0	134	220	110	05	10	1
023	00000162	0	135	220	110	05	10	1
024	00000163	0	135	220	110	05	10	1
025	00000164	0	135	220	110	05	10	1
026	00000165	0	135	220	110	05	10	1
027	00000166	0	136	220	110	05	10	1
028	00000167	0	136	220	110	05	10	1
029	00000168	0	136	220	110	05	10	1
030	00000169	0	136	220	110	05	10	1
031	00000170	0	137	220	110	05	10	1
032	00000171	0	137	220	110	05	10	1
033	00000172	0	137	220	110	05	10	1
034	00000173	0	138	220	110	05	10	1
035	00000174	0	138	220	110	05	10	1
036	00000175	0	138	220	110	05	10	1
037	00000176	0	139	220	110	05	10	1
038	00000177	0	139	220	110	05	10	1
039	00000178	0	139	220	110	05	10	1
040	00000179	0	140	220	110	05	10	1
041	00000180	0	140	220	110	05	10	1
042	00000181	0	140	220	110	05	10	1
043	00000182	0	141	220	110	05	10	1
044	00000183	0	141	220	110	05	10	1
045	00000184	0	141	220	110	05	10	1
046	00000185	0	142	220	110	05	10	1
047	00000186	0	142	220	110	05	10	1
048	00000187	0	142	220	110	05	10	1
049	00050000	0	143	220	110	05	10	99
050	00050001	0	144	220	110	05	10	99


LGM
129	00000035	0
130	00000036	0
131	00000039	0
132	00000040	0
133	00000041	0
134	00000042	0
135	00000043	0
136	00000044	0
137	00000045	0
138	00000046	0
139	00000047	0
140	00000048	0
141	00000049	0
142	00000050	0
143	00070000	0
144	00070000	0

       
        
SCM     
002     
USM     
001	00000188	0	129	220	110	05	10	2
002	00000189	0	129	220	110	05	10	2
003	00000190	0	129	220	110	05	10	2
004	00000191	0	129	220	110	05	10	2
005	00000192	0	129	220	110	05	10	2
006	00000193	0	130	220	110	05	10	2
007	00000194	0	130	220	110	05	10	2
008	00000195	0	130	220	110	05	10	2
009	00000196	0	130	220	110	05	10	2
010	00000197	0	130	220	110	05	10	2
011	00000198	0	131	220	110	05	10	2
012	00000199	0	131	220	110	05	10	2
013	00000200	0	132	220	110	05	10	2
014	00000201	0	132	220	110	05	10	2
015	00000202	0	132	220	110	05	10	2
016	00000203	0	132	220	110	05	10	2
017	00000204	0	133	220	110	05	10	2
018	00000205	0	133	220	110	05	10	2
019	00000206	0	134	220	110	05	10	2
020	00000207	0	134	220	110	05	10	2
021	00000208	0	134	220	110	05	10	2
022	00000209	0	134	220	110	05	10	2
023	00000210	0	135	220	110	05	10	2
024	00000211	0	135	220	110	05	10	2
025	00000212	0	135	220	110	05	10	2
026	00000213	0	135	220	110	05	10	2
027	00000214	0	136	220	110	05	10	2
028	00000215	0	136	220	110	05	10	2
029	00000216	0	136	220	110	05	10	2
030	00000217	0	136	220	110	05	10	2
031	00000218	0	137	220	110	05	10	2
032	00000219	0	137	220	110	05	10	2
033	00000220	0	137	220	110	05	10	2
034	00000221	0	138	220	110	05	10	2
035	00000222	0	138	220	110	05	10	2
036	00000223	0	138	220	110	05	10	2
037	00000224	0	139	220	110	05	10	2
038	00000225	0	139	220	110	05	10	2
039	00000226	0	139	220	110	05	10	2
040	00000227	0	140	220	110	05	10	2
041	00000228	0	140	220	110	05	10	2
042	00000229	0	140	220	110	05	10	2
043	00000230	0	141	220	110	05	10	2
044	00000231	0	141	220	110	05	10	2
045	00000232	0	141	220	110	05	10	2
046	00000233	0	142	220	110	05	10	2
047	00000234	0	142	220	110	05	10	2
048	00000235	0	142	220	110	05	10	2
049	00050000	0	142	220	110	05	10	99
050	00050001	0	142	220	110	05	10	99


LGM
129	00000051	0
130	00000052	0
131	00000053	0
132	00000054	0
133	00000055	0
134	00000056	0
135	00000057	0
136	00000058	0
137	00000059	0
138	00000060	0
139	00000061	0
140	00000062	0
141	00000063	0
142	00000064	0
143	00070000	0
144	00070001	0

