SCM
001
USM
001	00005671	0	129	200	110	05	10	1
002	00003001	0	129	200	110	05	10	1
003	00003002	0	129	200	110	05	10	1
004	00003003	0	129	200	110	05	10	1
005	00003004	0	129	200	110	05	10	1
006	00003005	0	129	200	110	05	10	1
007	00003006	0	129	200	110	05	10	1
008	00003007	0	129	200	110	05	10	1
009	00003008	0	129	200	110	05	10	1
010	00003009	0	129	200	110	05	10	1
011	00003010	0	129	200	110	05	10	2
012	00003011	0	129	200	110	05	10	2
013	00003070	0	130	200	110	05	10	2
014	00003013	0	130	200	110	05	10	2
015	00003014	0	130	200	110	05	10	2
016	00003015	0	130	200	110	05	10	2
017	00003016	0	130	200	110	05	10	2
018	00003017	0	130	200	110	05	10	2
019	00003018	0	130	200	110	05	10	2
020	00003019	0	130	200	110	05	10	2
021	00070000	0	130	200	110	05	10	99
022	00070001	0	130	200	110	05	10	99


LGM
129	00050000	0
130	00050001	0

SCM
002
USM
001	00003020	0	129	200	110	05	10	3
002	00003021	0	129	200	110	05	10	3
003	00003022	0	129	200	110	05	10	3
004	00003023	0	129	200	110	05	10	3
005	00003024	0	129	200	110	05	10	3
006	00003025	0	129	200	110	05	10	3
007	00003026	0	129	200	110	05	10	3
008	00003027	0	129	200	110	05	10	3
009	00003028	0	129	200	110	05	10	4
010	00003029	0	129	200	110	05	10	4
011	00003030	0	129	200	110	05	10	4
012	00003031	0	129	200	110	05	10	4
013	00003032	0	130	200	110	05	10	4
014	00003033	0	130	200	110	05	10	4
015	00003034	0	130	200	110	05	10	4
016	00003035	0	130	200	110	05	10	4
017	00003036	0	130	200	110	05	10	4
018	00003037	0	130	200	110	05	10	4
019	00003038	0	130	200	110	05	10	4
020	00003039	0	130	200	110	05	10	4
021	00070000	0	130	200	110	05	10	99
022	00070001	0	130	200	110	05	10	99

LGM
129	00050000	0
130	00050001	0

SCM
003
USM
001	00003040	0	129	200	110	05	10	5
002	00003041	0	129	200	110	05	10	5
003	00003042	0	129	200	110	05	10	5
004	00003043	0	129	200	110	05	10	5
005	00003044	0	129	200	110	05	10	5
006	00003045	0	129	200	110	05	10	5
007	00003046	0	129	200	110	05	10	6
008	00003047	0	129	200	110	05	10	6
009	00003048	0	129	200	110	05	10	6
010	00003049	0	129	200	110	05	10	6
011	00003050	0	129	200	110	05	10	6
012	00003051	0	129	200	110	05	10	6
013	00003052	0	130	200	110	05	10	6
014	00003053	0	130	200	110	05	10	6
015	00003054	0	130	200	110	05	10	6
016	00003055	0	130	200	110	05	10	6
017	00003056	0	130	200	110	05	10	6
018	00003057	0	130	200	110	05	10	6
019	00003058	0	130	200	110	05	10	6
020	00003059	0	130	200	110	05	10	6
021	00003060	0	130	200	110	05	10	6
022	00003061	0	130	200	110	05	10	6
023	00003062	0	130	200	110	05	10	6
024	00003063	0	130	200	110	05	10	6
025	00003064	0	130	200	110	05	10	6
026	00003065	0	130	200	110	05	10	5
027	00003066	0	130	200	110	05	10	5
028	00003067	0	130	200	110	05	10	5
029	00003068	0	130	200	110	05	10	5
030	00003069	0	130	200	110	05	10	5
031	00070000	0	130	200	110	05	10	99
032	00070001	0	130	200	110	05	10	99

LGM
129	00050000	0
130	00050001	0
