SCM																																																																						
001																																																																						
USM																																																																						
001	00004831	0	129	250	100	05	10	1																																																														
002	00004832	0	129	250	100	05	10	1																																																														
003	00004833	0	129	250	100	05	10	1																																																														
004	00004834	0	130	250	100	05	10	1																																																														
005	00004835	0	130	250	100	05	10	1																																																														
006	00004836	0	130	250	100	05	10	1																																																														
007	00004837	0	131	250	100	05	10	1																																																														
008	00004838	0	131	250	100	05	10	1																																																														
009	00004839	0	131	250	100	05	10	1																																																														
010	00004840	0	132	250	100	05	10	1																																																														
011	00004841	0	132	250	100	05	10	1																																																														
012	00004842	0	132	250	100	05	10	1																																																														
013	00004843	0	133	250	100	05	10	1																																																														
014	00004844	0	133	250	100	05	10	1																																																														
015	00004845	0	134	250	100	05	10	1																																																														
016	00004846	0	134	250	100	05	10	1																																																														
017	00004847	0	134	250	100	05	10	1																																																														
018	00004848	0	135	250	100	05	10	1																																																														
019	00004849	0	135	250	100	05	10	1																																																														
020	00004850	0	135	250	100	05	10	1																																																														
021	00004851	0	136	250	100	05	10	1																																																														
022	00004852	0	136	250	100	05	10	1																																																														
023	00004853	0	137	250	100	05	10	1																																																														
024	00004854	0	137	250	100	05	10	1																																																														
025	00004855	0	138	250	100	05	10	1																																																														
026	00004856	0	138	250	100	05	10	1																																																														
027	00004857	0	139	250	100	05	10	1																																																														
028	00004858	0	139	250	100	05	10	1																																																														
029	00004859	0	139	250	100	05	10	1																																																														
030	00004860	0	140	250	100	05	10	1																																																														
031	00004861	0	140	250	100	05	10	1																																																														
032	00004862	0	141	250	100	05	10	1																																																														
033	00004863	0	141	250	100	05	10	1																																																														
034	00004864	0	141	250	100	05	10	1																																																														
035	00004865	0	142	250	100	05	10	1																																																														
036	00004866	0	142	250	100	05	10	1																																																														
037	00004867	0	142	250	100	05	10	1																																																														
038	00004868	0	143	250	100	05	10	1																																																														
039	00004869	0	143	250	100	05	10	1																																																														
040	00004870	0	143	250	100	05	10	1																																																														
041	00004871	0	144	250	100	05	10	1																																																														
042	00004872	0	144	250	100	05	10	1																																																														
043	00070000	0	145	250	100	05	10	99																																																														
044	00070001	0	146	250	100	05	10	99																																																														
																																																																						
LGM																																																																						
129	00001671	0																																																																				
130	00001849	0																																																																				
131	00001672	0																																																																				
132	00001673	0																																																																				
133	00001674	0																																																																				
134	00001675	0																																																																				
135	00001676	0																																																																				
136	00001677	0																																																																				
137	00001678	0																																																																				
138	00001679	0																																																																				
139	00001680	0																																																																				
140	00001681	0																																																																				
141	00001682	0																																																																				
142	00001683	0																																																																				
143	00001684	0																																																																				
144	00001685	0																																																																				
145	70000	0																																																																				
146	70001	0																																																																				
        																																																																						
SCM     																																																																						
002																																																																						
USM     																																																																						
1	4873	0	129	250	100	5	10	1																																																														
2	4874	0	129	250	100	5	10	1																																																														
3	4875	0	129	250	100	5	10	1																																																														
4	4876	0	130	250	100	5	10	1																																																														
5	4877	0	130	250	100	5	10	1																																																														
6	4878	0	130	250	100	5	10	1																																																														
7	4879	0	131	250	100	5	10	1																																																														
8	4880	0	131	250	100	5	10	1																																																														
9	4881	0	131	250	100	5	10	1																																																														
10	4882	0	132	250	100	5	10	1																																																														
11	4883	0	132	250	100	5	10	1																																																														
12	4884	0	133	250	100	5	10	1																																																														
13	4885	0	133	250	100	5	10	1																																																														
14	4886	0	133	250	100	5	10	1																																																														
15	4887	0	134	250	100	5	10	1																																																														
16	4888	0	134	250	100	5	10	1																																																														
17	4889	0	135	250	100	5	10	1																																																														
18	4890	0	135	250	100	5	10	1																																																														
19	4891	0	135	250	100	5	10	1																																																														
20	4892	0	136	250	100	5	10	1																																																														
21	4893	0	136	250	100	5	10	1																																																														
22	4894	0	136	250	100	5	10	1																																																														
23	4895	0	137	250	100	5	10	1																																																														
24	4896	0	137	250	100	5	10	1																																																														
25	4897	0	137	250	100	5	10	1																																																														
26	4898	0	138	250	100	5	10	1																																																														
27	4899	0	138	250	100	5	10	1																																																														
28	4900	0	138	250	100	5	10	1																																																														
29	4901	0	139	250	100	5	10	1																																																														
30	4902	0	139	250	100	5	10	1																																																														
31	4903	0	139	250	100	5	10	1																																																														
32	4904	0	140	250	100	5	10	1																																																														
33	4905	0	140	250	100	5	10	1																																																														
34	4906	0	141	250	100	5	10	1																																																														
35	4907	0	141	250	100	5	10	1																																																														
36	4908	0	141	250	100	5	10	1																																																														
37	4909	0	142	250	100	5	10	1																																																														
38	4910	0	142	250	100	5	10	1																																																														
39	4911	0	142	250	100	5	10	1																																																														
40	4912	0	143	250	100	5	10	1																																																														
41	4913	0	143	250	100	5	10	1																																																														
42	4914	0	143	250	100	5	10	1																																																														
43	4915	0	144	250	100	5	10	1																																																														
44	4916	0	144	250	100	5	10	1																																																														
45	4917	0	144	250	100	5	10	1																																																														
46	70000	0	145	250	100	5	10	99																																																														
47	70001	0	145	250	100	5	10	99																																																														
48	70002	0	146	250	100	5	10	99																																																														
																																																																						
LGM																																																																						
129	1686	0																																																																				
130	1687	0																																																																				
131	1688	0																																																																				
132	1689	0																																																																				
133	1690	0																																																																				
134	1691	0																																																																				
135	1692	0																																																																				
136	1693	0																																																																				
137	1694	0																																																																				
138	1695	0																																																																				
139	1696	0																																																																				
140	1697	0																																																																				
141	1698	0																																																																				
142	1699	0																																																																				
143	1700	0																																																																				
144	1701	0																																																																				
145	70000	0																																																																				
146	70001	0																																																																				
																																																																						
SCM																																																																						
003																																																																						
USM																																																																						
1	4918	0	129	250	100	5	10	1																																																														
2	4919	0	129	250	100	5	10	1																																																														
3	4920	0	129	250	100	5	10	1																																																														
4	4921	0	130	250	100	5	10	1																																																														
5	4922	0	130	250	100	5	10	1																																																														
6	4923	0	130	250	100	5	10	1																																																														
7	4924	0	131	250	100	5	10	1																																																														
8	4925	0	131	250	100	5	10	1																																																														
9	4926	0	132	250	100	5	10	1																																																														
10	4927	0	132	250	100	5	10	1																																																														
11	4928	0	132	250	100	5	10	1																																																														
12	4929	0	133	250	100	5	10	1																																																														
13	4930	0	133	250	100	5	10	1																																																														
14	4931	0	133	250	100	5	10	1																																																														
15	4932	0	134	250	100	5	10	1																																																														
16	4933	0	134	250	100	5	10	1																																																														
17	4934	0	135	250	100	5	10	1																																																														
18	4935	0	135	250	100	5	10	1																																																														
19	4936	0	136	250	100	5	10	1																																																														
20	4937	0	136	250	100	5	10	1																																																														
21	4938	0	137	250	100	5	10	1																																																														
22	4939	0	137	250	100	5	10	1																																																														
23	4940	0	137	250	100	5	10	1																																																														
24	4941	0	138	250	100	5	10	1																																																														
25	4942	0	138	250	100	5	10	1																																																														
26	4943	0	138	250	100	5	10	1																																																														
27	4944	0	139	250	100	5	10	1																																																														
28	4945	0	139	250	100	5	10	1																																																														
29	4946	0	140	250	100	5	10	1																																																														
30	4947	0	140	250	100	5	10	1																																																														
31	4948	0	140	250	100	5	10	1																																																														
32	4949	0	141	250	100	5	10	1																																																														
33	4950	0	141	250	100	5	10	1																																																														
34	4951	0	141	250	100	5	10	1																																																														
35	4952	0	142	250	100	5	10	1																																																														
36	4953	0	142	250	100	5	10	1																																																														
37	4954	0	143	250	100	5	10	1																																																														
38	4955	0	143	250	100	5	10	1																																																														
39	4956	0	143	250	100	5	10	1																																																														
40	4957	0	144	250	100	5	10	1																																																														
41	4958	0	144	250	100	5	10	1																																																														
42	4959	0	145	250	100	5	10	1																																																														
43	4960	0	145	250	100	5	10	1																																																														
44	4961	0	145	250	100	5	10	1																																																														
45	4962	0	146	250	100	5	10	1																																																														
46	4963	0	146	250	100	5	10	1																																																														
47	4964	0	146	250	100	5	10	1																																																														
48	4965	0	147	250	100	5	10	1																																																														
49	4966	0	147	250	100	5	10	1																																																														
50	4967	0	147	250	100	5	10	1																																																														
51	4968	0	148	250	100	5	10	1																																																														
52	4969	0	148	250	100	5	10	1																																																														
53	4970	0	148	250	100	5	10	1																																																														
54	4971	0	149	250	100	5	10	1																																																														
55	4972	0	149	250	100	5	10	1																																																														
56	4973	0	149	250	100	5	10	1																																																														
57	4974	0	150	250	100	5	10	1																																																														
58	4975	0	150	250	100	5	10	1																																																														
59	4976	0	151	250	100	5	10	1																																																														
60	4977	0	151	250	100	5	10	1																																																														
61	4978	0	151	250	100	5	10	1																																																														
62	4979	0	152	250	100	5	10	1																																																														
63	4980	0	152	250	100	5	10	1																																																														
64	4981	0	152	250	100	5	10	1																																																														
65	4982	0	153	250	100	5	10	1																																																														
66	4983	0	153	250	100	5	10	1																																																														
67	70000	0	154	250	100	5	10	99																																																														
68	70001	0	155	250	100	5	10	99																																																														
																																																																						
LGM																																																																						
129	1702	0																																																																				
130	1703	0																																																																				
131	1704	0																																																																				
132	1705	0																																																																				
133	1706	0																																																																				
134	1707	0																																																																				
135	1708	0																																																																				
136	1709	0																																																																				
137	1710	0																																																																				
138	1711	0																																																																				
139	1712	0																																																																				
140	1713	0																																																																				
141	1714	0																																																																				
142	1715	0																																																																				
143	1716	0																																																																				
144	1717	0																																																																				
145	1718	0																																																																				
146	1719	0																																																																				
147	1720	0																																																																				
148	1721	0																																																																				
149	1722	0																																																																				
150	1723	0																																																																				
151	1724	0																																																																				
152	1725	0																																																																				
153	1726	0																																																																				
154	70000	0																																																																				
155	70001	0																																																																				
156	70002	0																																																																				
																																																																						
SCM																																																																						
004																																																																						
USM																																																																						
1	4984	0	129	250	100	5	10	1																																																														
2	4985	0	129	250	100	5	10	1																																																														
3	4986	0	129	250	100	5	10	1																																																														
4	4987	0	130	250	100	5	10	1																																																														
5	4988	0	130	250	100	5	10	1																																																														
6	4989	0	130	250	100	5	10	1																																																														
7	4990	0	131	250	100	5	10	1																																																														
8	4991	0	131	250	100	5	10	1																																																														
9	4992	0	131	250	100	5	10	1																																																														
10	4993	0	132	250	100	5	10	1																																																														
11	4994	0	132	250	100	5	10	1																																																														
12	4995	0	133	250	100	5	10	1																																																														
13	4996	0	133	250	100	5	10	1																																																														
14	4997	0	133	250	100	5	10	1																																																														
15	4998	0	134	250	100	5	10	1																																																														
16	4999	0	134	250	100	5	10	1																																																														
17	5000	0	134	250	100	5	10	1																																																														
18	5001	0	135	250	100	5	10	1																																																														
19	5002	0	135	250	100	5	10	1																																																														
20	5003	0	135	250	100	5	10	1																																																														
21	5004	0	136	250	100	5	10	1																																																														
22	5005	0	136	250	100	5	10	1																																																														
23	5006	0	137	250	100	5	10	1																																																														
24	5007	0	137	250	100	5	10	1																																																														
25	5008	0	138	250	100	5	10	1																																																														
26	5009	0	138	250	100	5	10	1																																																														
27	5010	0	138	250	100	5	10	1																																																														
28	5011	0	139	250	100	5	10	1																																																														
29	5012	0	139	250	100	5	10	1																																																														
30	5013	0	139	250	100	5	10	1																																																														
31	5014	0	140	250	100	5	10	1																																																														
32	5015	0	140	250	100	5	10	1																																																														
33	5016	0	141	250	100	5	10	1																																																														
34	5017	0	141	250	100	5	10	1																																																														
35	5018	0	141	250	100	5	10	1																																																														
36	5019	0	142	250	100	5	10	1																																																														
37	5020	0	142	250	100	5	10	1																																																														
38	5021	0	142	250	100	5	10	1																																																														
39	5022	0	143	250	100	5	10	1																																																														
40	5023	0	143	250	100	5	10	1																																																														
41	5024	0	143	250	100	5	10	1																																																														
42	70000	0	144	250	100	5	10	99																																																														
43	70001	0	144	250	100	5	10	99																																																														
44	70002	0	145	250	100	5	10	99																																																														
																																																																						
LGM																																																																						
129	1727	0																																																																				
130	1728	0																																																																				
131	1729	0																																																																				
132	1730	0																																																																				
133	1731	0																																																																				
134	1732	0																																																																				
135	1733	0																																																																				
136	1734	0																																																																				
137	1735	0																																																																				
138	1736	0																																																																				
139	1737	0																																																																				
140	1738	0																																																																				
141	1739	0																																																																				
142	1740	0																																																																				
143	1741	0																																																																				
144	70000	0																																																																				
145	70001	0																																																																				
146	70002	0																																																																				
																																																																						
SCM																																																																						
005																																																																						
USM																																																																						
1	5025	0	129	250	100	5	10	1																																																														
2	5026	0	129	250	100	5	10	1																																																														
3	5027	0	129	250	100	5	10	1																																																														
4	5028	0	130	250	100	5	10	1																																																														
5	5029	0	130	250	100	5	10	1																																																														
6	5030	0	130	250	100	5	10	1																																																														
7	5031	0	131	250	100	5	10	1																																																														
8	5032	0	131	250	100	5	10	1																																																														
9	5033	0	131	250	100	5	10	1																																																														
10	5034	0	132	250	100	5	10	1																																																														
11	5035	0	132	250	100	5	10	1																																																														
12	5036	0	133	250	100	5	10	1																																																														
13	5037	0	133	250	100	5	10	1																																																														
14	5038	0	133	250	100	5	10	1																																																														
15	5039	0	134	250	100	5	10	1																																																														
16	5040	0	134	250	100	5	10	1																																																														
17	5041	0	135	250	100	5	10	1																																																														
18	5042	0	135	250	100	5	10	1																																																														
19	5043	0	136	250	100	5	10	1																																																														
20	5044	0	136	250	100	5	10	1																																																														
21	5045	0	136	250	100	5	10	1																																																														
22	5046	0	137	250	100	5	10	1																																																														
23	5047	0	137	250	100	5	10	1																																																														
24	5048	0	137	250	100	5	10	1																																																														
25	5049	0	138	250	100	5	10	1																																																														
26	5050	0	138	250	100	5	10	1																																																														
27	5051	0	138	250	100	5	10	1																																																														
28	5052	0	139	250	100	5	10	1																																																														
29	5053	0	139	250	100	5	10	1																																																														
30	5054	0	139	250	100	5	10	1																																																														
31	5055	0	140	250	100	5	10	1																																																														
32	5056	0	140	250	100	5	10	1																																																														
33	5057	0	141	250	100	5	10	1																																																														
34	5058	0	141	250	100	5	10	1																																																														
35	5059	0	141	250	100	5	10	1																																																														
36	5060	0	142	250	100	5	10	1																																																														
37	5061	0	142	250	100	5	10	1																																																														
38	5062	0	142	250	100	5	10	1																																																														
39	5063	0	143	250	100	5	10	1																																																														
40	5064	0	143	250	100	5	10	1																																																														
41	5065	0	143	250	100	5	10	1																																																														
42	5066	0	144	250	100	5	10	1																																																														
43	5067	0	144	250	100	5	10	1																																																														
44	5068	0	144	250	100	5	10	1																																																														
45	70000	0	145	250	100	5	10	99																																																														
46	70001	0	146	250	100	5	10	99																																																														
																																																																						
LGM																																																																						
129	1742	0																																																																				
130	1743	0																																																																				
131	1744	0																																																																				
132	1745	0																																																																				
133	1746	0																																																																				
134	1747	0																																																																				
135	1748	0																																																																				
136	1749	0																																																																				
137	1750	0																																																																				
138	1751	0																																																																				
139	1752	0																																																																				
140	1753	0																																																																				
141	1754	0																																																																				
142	1755	0																																																																				
143	1756	0																																																																				
144	1757	0																																																																				
145	70000	0																																																																				
146	70001	0																																																																				
																																																																						
SCM																																																																						
006																																																																						
USM																																																																						
1	5069	0	129	250	100	5	10	1																																																														
2	5070	0	129	250	100	5	10	1																																																														
3	5071	0	129	250	100	5	10	1																																																														
4	5072	0	130	250	100	5	10	1																																																														
5	5073	0	130	250	100	5	10	1																																																														
6	5074	0	130	250	100	5	10	1																																																														
7	5075	0	131	250	100	5	10	1																																																														
8	5076	0	131	250	100	5	10	1																																																														
9	5077	0	131	250	100	5	10	1																																																														
10	5078	0	132	250	100	5	10	1																																																														
11	5079	0	132	250	100	5	10	1																																																														
12	5080	0	133	250	100	5	10	1																																																														
13	5081	0	133	250	100	5	10	1																																																														
14	5082	0	133	250	100	5	10	1																																																														
15	5083	0	134	250	100	5	10	1																																																														
16	5084	0	134	250	100	5	10	1																																																														
17	5085	0	135	250	100	5	10	1																																																														
18	5086	0	135	250	100	5	10	1																																																														
19	5087	0	136	250	100	5	10	1																																																														
20	5088	0	136	250	100	5	10	1																																																														
21	5089	0	137	250	100	5	10	1																																																														
22	5090	0	137	250	100	5	10	1																																																														
23	5091	0	138	250	100	5	10	1																																																														
24	5092	0	138	250	100	5	10	1																																																														
25	5093	0	139	250	100	5	10	1																																																														
26	5094	0	139	250	100	5	10	1																																																														
27	5095	0	140	250	100	5	10	1																																																														
28	5096	0	140	250	100	5	10	1																																																														
29	5097	0	141	250	100	5	10	1																																																														
30	5098	0	141	250	100	5	10	1																																																														
31	5099	0	141	250	100	5	10	1																																																														
32	5100	0	142	250	100	5	10	1																																																														
33	5101	0	142	250	100	5	10	1																																																														
34	5102	0	142	250	100	5	10	1																																																														
35	70000	0	143	250	100	5	10	99																																																														
36	70001	0	144	250	100	5	10	99																																																														
																																																																						
LGM																																																																						
129	1758	0																																																																				
130	1759	0																																																																				
131	1760	0																																																																				
132	1761	0																																																																				
133	1762	0																																																																				
134	1763	0																																																																				
135	1764	0																																																																				
136	1765	0																																																																				
137	1766	0																																																																				
138	1767	0																																																																				
139	1768	0																																																																				
140	1769	0																																																																				
141	1770	0																																																																				
142	70000	0																																																																				
143	70001	0																																																																				
144	70002	0																																																																				
																																																																						
SCM																																																																						
007																																																																						
USM																																																																						
1	5103	0	129	250	100	5	10	1																																																														
2	5104	0	129	250	100	5	10	1																																																														
3	5105	0	129	250	100	5	10	1																																																														
4	5106	0	130	250	100	5	10	1																																																														
5	5107	0	130	250	100	5	10	1																																																														
6	5108	0	130	250	100	5	10	1																																																														
7	5109	0	131	250	100	5	10	1																																																														
8	5110	0	131	250	100	5	10	1																																																														
9	5111	0	131	250	100	5	10	1																																																														
10	5112	0	132	250	100	5	10	1																																																														
11	5113	0	132	250	100	5	10	1																																																														
12	5114	0	133	250	100	5	10	1																																																														
13	5115	0	133	250	100	5	10	1																																																														
14	5116	0	133	250	100	5	10	1																																																														
15	5117	0	134	250	100	5	10	1																																																														
16	5118	0	134	250	100	5	10	1																																																														
17	5119	0	135	250	100	5	10	1																																																														
18	5120	0	135	250	100	5	10	1																																																														
19	5121	0	135	250	100	5	10	1																																																														
20	5122	0	136	250	100	5	10	1																																																														
21	5123	0	136	250	100	5	10	1																																																														
22	5124	0	136	250	100	5	10	1																																																														
23	5125	0	137	250	100	5	10	1																																																														
24	5126	0	137	250	100	5	10	1																																																														
25	5127	0	137	250	100	5	10	1																																																														
26	5128	0	138	250	100	5	10	1																																																														
27	5129	0	138	250	100	5	10	1																																																														
28	5130	0	138	250	100	5	10	1																																																														
29	5131	0	139	250	100	5	10	1																																																														
30	5132	0	139	250	100	5	10	1																																																														
31	5133	0	139	250	100	5	10	1																																																														
32	5134	0	140	250	100	5	10	1																																																														
33	5135	0	140	250	100	5	10	1																																																														
34	5136	0	141	250	100	5	10	1																																																														
35	5137	0	141	250	100	5	10	1																																																														
36	5138	0	141	250	100	5	10	1																																																														
37	5139	0	142	250	100	5	10	1																																																														
38	5140	0	142	250	100	5	10	1																																																														
39	5141	0	142	250	100	5	10	1																																																														
40	5142	0	143	250	100	5	10	1																																																														
41	5143	0	143	250	100	5	10	1																																																														
42	5144	0	143	250	100	5	10	1																																																														
43	5145	0	144	250	100	5	10	1																																																														
44	5146	0	144	250	100	5	10	1																																																														
45	5147	0	144	250	100	5	10	1																																																														
46	70000	0	145	250	100	5	10	99																																																														
47	70001	0	145	250	100	5	10	99																																																														
48	70002	0	146	250	100	5	10	99																																																														
																																																																						
LGM																																																																						
129	1771	0																																																																				
130	1772	0																																																																				
131	1773	0																																																																				
132	1774	0																																																																				
133	1775	0																																																																				
134	1776	0																																																																				
135	1777	0																																																																				
136	1778	0																																																																				
137	1779	0																																																																				
138	1780	0																																																																				
139	1781	0																																																																				
140	1782	0																																																																				
141	1783	0																																																																				
142	1784	0																																																																				
143	1785	0																																																																				
144	1786	0																																																																				
145	70000	0																																																																				
146	70001	0																																																																				
																																																																						
SCM																																																																						
008																																																																						
USM																																																																						
1	5148	0	129	250	100	5	10	1																																																														
2	5149	0	129	250	100	5	10	1																																																														
3	5150	0	129	250	100	5	10	1																																																														
4	5151	0	130	250	100	5	10	1																																																														
5	5152	0	130	250	100	5	10	1																																																														
6	5153	0	130	250	100	5	10	1																																																														
7	5154	0	131	250	100	5	10	1																																																														
8	5155	0	131	250	100	5	10	1																																																														
9	5156	0	131	250	100	5	10	1																																																														
10	5157	0	132	250	100	5	10	1																																																														
11	5158	0	132	250	100	5	10	1																																																														
12	5159	0	133	250	100	5	10	1																																																														
13	5160	0	133	250	100	5	10	1																																																														
14	5161	0	133	250	100	5	10	1																																																														
15	5162	0	134	250	100	5	10	1																																																														
16	5163	0	134	250	100	5	10	1																																																														
17	5164	0	134	250	100	5	10	1																																																														
18	5165	0	135	250	100	5	10	1																																																														
19	5166	0	135	250	100	5	10	1																																																														
20	5167	0	135	250	100	5	10	1																																																														
21	5168	0	136	250	100	5	10	1																																																														
22	5169	0	136	250	100	5	10	1																																																														
23	5170	0	137	250	100	5	10	1																																																														
24	5171	0	137	250	100	5	10	1																																																														
25	5172	0	138	250	100	5	10	1																																																														
26	5173	0	138	250	100	5	10	1																																																														
27	5174	0	138	250	100	5	10	1																																																														
28	5175	0	139	250	100	5	10	1																																																														
29	5176	0	139	250	100	5	10	1																																																														
30	5177	0	139	250	100	5	10	1																																																														
31	5178	0	140	250	100	5	10	1																																																														
32	5179	0	140	250	100	5	10	1																																																														
33	5180	0	141	250	100	5	10	1																																																														
34	5181	0	141	250	100	5	10	1																																																														
35	5182	0	141	250	100	5	10	1																																																														
36	5183	0	142	250	100	5	10	1																																																														
37	5184	0	142	250	100	5	10	1																																																														
38	5185	0	142	250	100	5	10	1																																																														
39	5186	0	143	250	100	5	10	1																																																														
40	5187	0	143	250	100	5	10	1																																																														
41	5188	0	143	250	100	5	10	1																																																														
42	70000	0	144	250	100	5	10	99																																																														
43	70001	0	145	250	100	5	10	99																																																														
44	70002	0	145	250	100	5	10	99																																																														
																																																																						
LGM																																																																						
129	1787	0																																																																				
130	1788	0																																																																				
131	1789	0																																																																				
132	1790	0																																																																				
133	1791	0																																																																				
134	1792	0																																																																				
135	1793	0																																																																				
136	1794	0																																																																				
137	1795	0																																																																				
138	1796	0																																																																				
139	1797	0																																																																				
140	1798	0																																																																				
141	1799	0																																																																				
142	1800	0																																																																				
143	1801	0																																																																				
144	70000	0																																																																				
145	70001	0																																																																				
146	70002	0																																																																				
																																																																						
SCM																																																																						
009																																																																						
USM																																																																						
1	5189	0	129	250	100	5	10	1																																																														
2	5190	0	129	250	100	5	10	1																																																														
3	5191	0	129	250	100	5	10	1																																																														
4	5192	0	130	250	100	5	10	1																																																														
5	5193	0	130	250	100	5	10	1																																																														
6	5194	0	130	250	100	5	10	1																																																														
7	5195	0	131	250	100	5	10	1																																																														
8	5196	0	131	250	100	5	10	1																																																														
9	5197	0	131	250	100	5	10	1																																																														
10	5198	0	132	250	100	5	10	1																																																														
11	5199	0	132	250	100	5	10	1																																																														
12	5200	0	133	250	100	5	10	1																																																														
13	5201	0	133	250	100	5	10	1																																																														
14	5202	0	133	250	100	5	10	1																																																														
15	5203	0	134	250	100	5	10	1																																																														
16	5204	0	134	250	100	5	10	1																																																														
17	5205	0	135	250	100	5	10	1																																																														
18	5206	0	135	250	100	5	10	1																																																														
19	5207	0	135	250	100	5	10	1																																																														
20	5208	0	136	250	100	5	10	1																																																														
21	5209	0	136	250	100	5	10	1																																																														
22	5210	0	136	250	100	5	10	1																																																														
23	5211	0	137	250	100	5	10	1																																																														
24	5212	0	137	250	100	5	10	1																																																														
25	5213	0	137	250	100	5	10	1																																																														
26	5214	0	138	250	100	5	10	1																																																														
27	5215	0	138	250	100	5	10	1																																																														
28	5216	0	138	250	100	5	10	1																																																														
29	5217	0	139	250	100	5	10	1																																																														
30	5218	0	139	250	100	5	10	1																																																														
31	5219	0	139	250	100	5	10	1																																																														
32	5220	0	140	250	100	5	10	1																																																														
33	5221	0	140	250	100	5	10	1																																																														
34	5222	0	141	250	100	5	10	1																																																														
35	5223	0	141	250	100	5	10	1																																																														
36	5224	0	141	250	100	5	10	1																																																														
37	5225	0	142	250	100	5	10	1																																																														
38	5226	0	142	250	100	5	10	1																																																														
39	5227	0	142	250	100	5	10	1																																																														
40	5228	0	143	250	100	5	10	1																																																														
41	5229	0	143	250	100	5	10	1																																																														
42	5230	0	143	250	100	5	10	1																																																														
43	5231	0	144	250	100	5	10	1																																																														
44	5232	0	144	250	100	5	10	1																																																														
45	5233	0	144	250	100	5	10	1																																																														
46	70000	0	145	250	100	5	10	99																																																														
47	70001	0	145	250	100	5	10	99																																																														
48	70002	0	146	250	100	5	10	99																																																														
																																																																						
LGM																																																																						
129	1802	0																																																																				
130	1803	0																																																																				
131	1804	0																																																																				
132	1805	0																																																																				
133	1806	0																																																																				
134	1807	0																																																																				
135	1808	0																																																																				
136	1809	0																																																																				
137	1810	0																																																																				
138	1811	0																																																																				
139	1812	0																																																																				
140	1813	0																																																																				
141	1814	0																																																																				
142	1815	0																																																																				
143	1816	0																																																																				
144	1817	0																																																																				
145	70000	0																																																																				
146	70001	0																																																																				
																																																																						
SCM																																																																						
010																																																																						
USM																																																																						
1	5234	0	129	250	100	5	10	1																																																														
2	5235	0	129	250	100	5	10	1																																																														
3	5236	0	129	250	100	5	10	1																																																														
4	5237	0	130	250	100	5	10	1																																																														
5	5238	0	130	250	100	5	10	1																																																														
6	5239	0	130	250	100	5	10	1																																																														
7	5240	0	131	250	100	5	10	1																																																														
8	5241	0	131	250	100	5	10	1																																																														
9	5242	0	131	250	100	5	10	1																																																														
10	5243	0	132	250	100	5	10	1																																																														
11	5244	0	132	250	100	5	10	1																																																														
12	5245	0	133	250	100	5	10	1																																																														
13	5246	0	133	250	100	5	10	1																																																														
14	5247	0	133	250	100	5	10	1																																																														
15	5248	0	134	250	100	5	10	1																																																														
16	5249	0	134	250	100	5	10	1																																																														
17	5250	0	134	250	100	5	10	1																																																														
18	5251	0	135	250	100	5	10	1																																																														
19	5252	0	135	250	100	5	10	1																																																														
20	5253	0	135	250	100	5	10	1																																																														
21	5254	0	136	250	100	5	10	1																																																														
22	5255	0	136	250	100	5	10	1																																																														
23	5256	0	137	250	100	5	10	1																																																														
24	5257	0	137	250	100	5	10	1																																																														
25	5258	0	138	250	100	5	10	1																																																														
26	5259	0	138	250	100	5	10	1																																																														
27	5260	0	138	250	100	5	10	1																																																														
28	5261	0	139	250	100	5	10	1																																																														
29	5262	0	139	250	100	5	10	1																																																														
30	5263	0	139	250	100	5	10	1																																																														
31	5264	0	140	250	100	5	10	1																																																														
32	5265	0	140	250	100	5	10	1																																																														
33	5266	0	141	250	100	5	10	1																																																														
34	5267	0	141	250	100	5	10	1																																																														
35	5268	0	141	250	100	5	10	1																																																														
36	5269	0	142	250	100	5	10	1																																																														
37	5270	0	142	250	100	5	10	1																																																														
38	5271	0	142	250	100	5	10	1																																																														
39	5272	0	143	250	100	5	10	1																																																														
40	5273	0	143	250	100	5	10	1																																																														
41	5274	0	143	250	100	5	10	1																																																														
42	70000	0	144	250	100	5	10	99																																																														
43	70001	0	145	250	100	5	10	99																																																														
44	70002	0	145	250	100	5	10	99																																																														
																																																																						
LGM																																																																						
129	1818	0																																																																				
130	1819	0																																																																				
131	1820	0																																																																				
132	1821	0																																																																				
133	1822	0																																																																				
134	1823	0																																																																				
135	1824	0																																																																				
136	1825	0																																																																				
137	1826	0																																																																				
138	1827	0																																																																				
139	1828	0																																																																				
140	1829	0																																																																				
141	1830	0																																																																				
142	1831	0																																																																				
143	1832	0																																																																				
144	70000	0																																																																				
145	70001	0																																																																				
146	70002	0																																																																				
																																																																						
SCM																																																																						
011																																																																						
USM																																																																						
1	5275	0	129	250	100	5	10	1																																																														
2	5276	0	129	250	100	5	10	1																																																														
3	5277	0	129	250	100	5	10	1																																																														
4	5278	0	130	250	100	5	10	1																																																														
5	5279	0	130	250	100	5	10	1																																																														
6	5280	0	130	250	100	5	10	1																																																														
7	5281	0	131	250	100	5	10	1																																																														
8	5282	0	131	250	100	5	10	1																																																														
9	5283	0	131	250	100	5	10	1																																																														
10	5284	0	132	250	100	5	10	1																																																														
11	5285	0	132	250	100	5	10	1																																																														
12	5286	0	133	250	100	5	10	1																																																														
13	5287	0	133	250	100	5	10	1																																																														
14	5288	0	133	250	100	5	10	1																																																														
15	5289	0	134	250	100	5	10	1																																																														
16	5290	0	134	250	100	5	10	1																																																														
17	5291	0	135	250	100	5	10	1																																																														
18	5292	0	135	250	100	5	10	1																																																														
19	5293	0	135	250	100	5	10	1																																																														
20	5294	0	136	250	100	5	10	1																																																														
21	5295	0	136	250	100	5	10	1																																																														
22	5296	0	136	250	100	5	10	1																																																														
23	5297	0	137	250	100	5	10	1																																																														
24	5298	0	137	250	100	5	10	1																																																														
25	5299	0	137	250	100	5	10	1																																																														
26	5300	0	138	250	100	5	10	1																																																														
27	5301	0	138	250	100	5	10	1																																																														
28	5302	0	138	250	100	5	10	1																																																														
29	5303	0	139	250	100	5	10	1																																																														
30	5304	0	139	250	100	5	10	1																																																														
31	5305	0	139	250	100	5	10	1																																																														
32	5306	0	140	250	100	5	10	1																																																														
33	5307	0	140	250	100	5	10	1																																																														
34	5308	0	141	250	100	5	10	1																																																														
35	5309	0	141	250	100	5	10	1																																																														
36	5310	0	141	250	100	5	10	1																																																														
37	5311	0	142	250	100	5	10	1																																																														
38	5312	0	142	250	100	5	10	1																																																														
39	5313	0	142	250	100	5	10	1																																																														
40	5314	0	143	250	100	5	10	1																																																														
41	5315	0	143	250	100	5	10	1																																																														
42	5316	0	143	250	100	5	10	1																																																														
43	5317	0	144	250	100	5	10	1																																																														
44	5318	0	144	250	100	5	10	1																																																														
45	5319	0	144	250	100	5	10	1																																																														
46	70000	0	145	250	100	5	10	99																																																														
47	70001	0	145	250	100	5	10	99																																																														
48	70002	0	146	250	100	5	10	99																																																														
																																																																						
LGM																																																																						
129	1833	0																																																																				
130	1834	0																																																																				
131	1835	0																																																																				
132	1836	0																																																																				
133	1837	0																																																																				
134	1838	0																																																																				
135	1839	0																																																																				
136	1840	0																																																																				
137	1841	0																																																																				
138	1842	0																																																																				
139	1843	0																																																																				
140	1844	0																																																																				
141	1845	0																																																																				
142	1846	0																																																																				
143	1847	0																																																																				
144	1848	0																																																																				
145	70000	0																																																																				
146	70001	0																																																																				
