SCM     
001     
USM  
001	00006574	0	129	500	060	02	10	2
002	00006575	0	129	500	060	02	10	2
003	00006576	0	129	500	060	02	10	2
004	00006577	0	130	500	060	02	10	2
005	00006578	0	130	500	060	02	10	2
006	00006579	0	130	500	060	02	10	2
007	00006580	0	131	500	060	02	10	2
008	00006581	0	131	500	060	02	10	2
009	00006582	0	131	500	060	02	10	2
010	00006583	0	132	500	060	02	10	2
011	00006584	0	132	500	060	02	10	2
012	00006585	0	132	500	060	02	10	2
013	00006586	0	133	500	060	02	10	2
014	00006587	0	133	500	060	02	10	2
015	00006588	0	134	500	060	02	10	2
016	00006589	0	134	500	060	02	10	2
017	00006590	0	134	500	060	02	10	2
018	00006591	0	135	500	060	02	10	2
019	00006592	0	135	500	060	02	10	2
020	00006593	0	135	500	060	02	10	2
021	00006594	0	136	500	060	02	10	2
022	00006595	0	136	500	060	02	10	2
023	00006596	0	136	500	060	02	10	2
024	00006573	0	137	500	060	02	10	2
025	00006510	0	137	500	060	02	10	2
026	00006511	0	138	500	060	02	10	2
027	00006512	0	138	500	060	02	10	2
028	00006513	0	138	500	060	02	10	2
029	00006514	0	139	500	060	02	10	2
030	00006515	0	139	500	060	02	10	2
031	00006516	0	139	500	060	02	10	2
032	00006517	0	140	500	060	02	10	2
033	00006518	0	140	500	060	02	10	2
034	00006612	0	140	500	060	02	10	2
035	00006613	0	141	500	060	02	10	2
036	00006614	0	141	500	060	02	10	2
037	00006615	0	142	500	060	02	10	2
038	00006616	0	142	500	060	02	10	2
039	00006617	0	142	500	060	02	10	2
040	00006618	0	143	500	060	02	10	2
041	00006619	0	143	500	060	02	10	2
042	00006620	0	143	500	060	02	10	2
043	00006621	0	144	500	060	02	10	2
044	00006622	0	144	500	060	02	10	2
045	00006623	0	144	500	060	02	10	2
046	00006624	0	144	500	060	02	10	2
047	00006597	0	145	500	060	02	10	1
048	00006598	0	145	500	060	02	10	1
049	00006599	0	145	500	060	02	10	1
050	00006600	0	145	500	060	02	10	1
051	00006601	0	146	500	060	02	10	1
052	00006602	0	146	500	060	02	10	1
053	00006603	0	146	500	060	02	10	1
054	00006604	0	147	500	060	02	10	1
055	00006605	0	147	500	060	02	10	1
056	00006606	0	147	500	060	02	10	1
057	00006607	0	148	500	060	02	10	1
058	00006608	0	148	500	060	02	10	1
059	00006609	0	148	500	060	02	10	1
060	00006610	0	149	500	060	02	10	1
061	00006611	0	149	500	060	02	10	1
062	00050001	0	150	500	060	02	10	99
063	00050002	0	150	500	060	02	10	99
064	00050003	0	150	500	060	02	10	99


LGM
129	00001708	0
130	00001707	0
131	00001706	0
132	00001705	0
133	00001704	0
134	00001703	0
135	00001702	0
136	00001701	0
137	00001710	0
138	00001711	0
139	00001712	0
140	00001713	0
141	00001714	0
142	00001715	0
143	00001716	0
144	00001717	0
145	00001686	0
146	00001685	0
147	00001684	0
148	00001683	0
149	00001682	0
150	00070000	0


SCM
003
USM
001	00006625	0	129	500	060	02	10	3
002	00006626	0	129	500	060	02	10	3
003	00006627	0	129	500	060	02	10	3
004	00006628	0	130	500	060	02	10	3
005	00006629	0	130	500	060	02	10	3
006	00006630	0	130	500	060	02	10	3
007	00006631	0	131	500	060	02	10	3
008	00006632	0	131	500	060	02	10	3
009	00006633	0	131	500	060	02	10	3
010	00006634	0	132	500	060	02	10	3
011	00006635	0	132	500	060	02	10	3
012	00006636	0	133	500	060	02	10	3
013	00006637	0	133	500	060	02	10	3
014	00006638	0	133	500	060	02	10	3
015	00006639	0	134	500	060	02	10	3
016	00006640	0	134	500	060	02	10	3
017	00006641	0	134	500	060	02	10	3
018	00006642	0	135	500	060	02	10	3
019	00006643	0	135	500	060	02	10	3
020	00006644	0	135	500	060	02	10	3
021	00006645	0	136	500	060	02	10	3
022	00006646	0	136	500	060	02	10	3
023	00006647	0	136	500	060	02	10	3
024	00006648	0	137	500	060	02	10	3
025	00006649	0	137	500	060	02	10	3
026	00006650	0	138	500	060	02	10	3
027	00006651	0	138	500	060	02	10	3
028	00006652	0	138	500	060	02	10	3
029	00006653	0	139	500	060	02	10	3
030	00006654	0	139	500	060	02	10	3
031	00006655	0	139	500	060	02	10	3
032	00006656	0	140	500	060	02	10	3
033	00006657	0	140	500	060	02	10	3
034	00006658	0	140	500	060	02	10	3
035	00006659	0	141	500	060	02	10	3
036	00006660	0	141	500	060	02	10	3
037	00006661	0	141	500	060	02	10	3
038	00006662	0	142	500	060	02	10	3
039	00006663	0	142	500	060	02	10	3
040	00006664	0	142	500	060	02	10	3
041	00006665	0	143	500	060	02	10	3
042	00006666	0	143	500	060	02	10	3
043	00006667	0	143	500	060	02	10	3
044	00006668	0	144	500	060	02	10	3
045	00006669	0	144	500	060	02	10	3
046	00006670	0	144	500	060	02	10	3
047	00006671	0	145	500	060	02	10	3
048	00006672	0	145	500	060	02	10	3
049	00006673	0	145	500	060	02	10	3
050	00006674	0	146	500	060	02	10	3
051	00006675	0	146	500	060	02	10	3
052	00050000	0	147	500	060	02	10	99
053	00050001	0	147	500	060	02	10	99
054	00050002	0	148	500	060	02	10	99


LGM
129	00001718	0
130	00001719	0
131	00001720	0
132	00001721	0
133	00001722	0
134	00001723	0
135	00001724	0
136	00001725	0
137	00001726	0
138	00001727	0
139	00001728	0
140	00001729	0
141	00001730	0
142	00001731	0
143	00001732	0
144	00001733	0
145	00001734	0
146	00001735	0
147	00070000	0
148	00070001	0


