SCM
001
USM
001	00009100	0	129	250	060	02	10	1
002	00009101	0	129	250	060	02	10	1
003	00009102	0	129	250	060	02	10	1
004	00009103	0	129	250	060	02	10	1
005	00009104	3	130	250	060	02	10	1
006	00009105	3	130	250	060	02	10	1
007	00009106	3	130	250	060	02	10	1
008	00009107	3	130	250	060	02	10	1
009	00009108	0	131	250	060	02	10	1
010	00009109	0	131	250	060	02	10	1
011	00009110	0	131	250	060	02	10	1
012	00009111	0	131	250	060	02	10	1
013	00009112	0	132	250	060	02	10	1
014	00009113	0	132	250	060	02	10	1
015	00009114	0	132	250	060	02	10	1
016	00009115	0	132	250	060	02	10	1
017	00009116	0	133	250	060	02	10	1
018	00009117	0	133	250	060	02	10	1
019	00009118	0	133	250	060	02	10	1
020	00009119	0	134	250	060	02	10	1
021	00009120	0	134	250	060	02	10	1
022	00009121	0	134	250	060	02	10	1
023	00009122	0	134	250	060	02	10	1
024	00009123	0	135	250	060	02	10	1
025	00009124	0	135	250	060	02	10	1
026	00009125	0	135	250	060	02	10	1
027	00009126	0	135	250	060	02	10	1
028	00009127	0	136	250	060	02	10	1
029	00009128	0	136	250	060	02	10	1
030	00009129	0	136	250	060	02	10	1
031	00009130	0	136	250	060	02	10	1
032	00009131	0	137	250	060	02	10	13
033	00009132	0	137	250	060	02	10	13
034	00009133	0	137	250	060	02	10	13
035	00009134	0	138	250	060	02	10	13
036	00009135	0	138	250	060	02	10	13
037	00009136	0	138	250	060	02	10	13
038	00009137	0	139	250	060	02	10	13
039	00009138	0	139	250	060	02	10	13
040	00009139	0	139	250	060	02	10	13
041	00009140	0	142	250	060	02	10	1
042	00009141	0	140	250	060	02	10	1
043	00009142	0	140	250	060	02	10	1
044	00009143	0	140	250	060	02	10	1
045	00009144	0	141	250	060	02	10	1
046	00009145	0	141	250	060	02	10	1
047	00009146	0	141	250	060	02	10	1
048	00050000	0	143	250	060	02	10	99
049	00050001	0	143	250	060	02	10	99
050	00050002	0	144	250	060	02	10	99

LGM
129	00002040	0
130	00002041	3
131	00002042	0
132	00002043	0
133	00002044	0
134	00002045	0
135	00002046	0
136	00002167	0
137	00002392	3
138	00002387	3
139	00002384	0
140	00002168	0
141	00002169	0
142	00002192	0
143	00070000	0
144	00070001	0
       
        
SCM     
002     
USM     
001	00009356	0	129	250	060	02	10	2
002	00009357	0	129	250	060	02	10	2
003	00009358	0	129	250	060	02	10	2
004	00009359	0	129	250	060	02	10	2
005	00009360	0	130	250	060	02	10	2
006	00009361	0	130	250	060	02	10	2
007	00009362	0	130	250	060	02	10	2
008	00009363	0	130	250	060	02	10	2
009	00009364	0	131	250	060	02	10	2
010	00009365	0	131	250	060	02	10	2
011	00009366	0	131	250	060	02	10	2
012	00009367	0	131	250	060	02	10	2
013	00009368	0	132	250	060	02	10	2
014	00009369	0	132	250	060	02	10	2
015	00009370	0	132	250	060	02	10	2
016	00009371	0	132	250	060	02	10	2
017	00009372	0	133	250	060	02	10	2
018	00009373	0	133	250	060	02	10	2
019	00009374	0	133	250	060	02	10	2
020	00009375	0	134	250	060	02	10	2
021	00009376	0	134	250	060	02	10	2
022	00009377	0	134	250	060	02	10	2
023	00009378	0	134	250	060	02	10	2
024	00009379	0	135	250	060	02	10	2
025	00009380	0	135	250	060	02	10	2
026	00009381	0	135	250	060	02	10	2
027	00009382	0	135	250	060	02	10	2
028	00009383	0	136	250	060	02	10	2
029	00009384	0	136	250	060	02	10	2
030	00009385	0	136	250	060	02	10	2
031	00009386	0	137	250	060	02	10	2
032	00009387	0	137	250	060	02	10	2
033	00009388	0	138	250	060	02	10	2
034	00009068	0	138	250	060	02	10	2
035	00009069	0	138	250	060	02	10	2
036	00009070	0	138	250	060	02	10	2
037	00009071	0	139	250	060	02	10	2
038	00009072	0	139	250	060	02	10	2
039	00009073	0	139	250	060	02	10	2
040	00009074	0	139	250	060	02	10	2
041	00009075	0	140	250	060	02	10	2
042	00009076	0	140	250	060	02	10	2
043	00009077	0	140	250	060	02	10	2
044	00009078	0	141	250	060	02	10	2
045	00009079	0	141	250	060	02	10	2
046	00009080	0	141	250	060	02	10	2
047	00009081	0	141	250	060	02	10	2
048	00009082	0	142	250	060	02	10	2
049	00009083	0	142	250	060	02	10	2
050	00009084	0	142	250	060	02	10	2
051	00009085	0	142	250	060	02	10	2
052	00009086	0	143	250	060	02	10	2
053	00009087	0	143	250	060	02	10	2
054	00009088	0	143	250	060	02	10	2
055	00009089	0	143	250	060	02	10	2
056	00009090	0	144	250	060	02	10	2
057	00009091	0	144	250	060	02	10	2
058	00009092	0	144	250	060	02	10	2
059	00009093	0	144	250	060	02	10	2
060	00009094	0	145	250	060	02	10	2
061	00009095	0	145	250	060	02	10	2
062	00009096	0	145	250	060	02	10	2
063	00009097	0	145	250	060	02	10	2
064	00009098	0	145	250	060	02	10	2
065	00009099	0	146	250	060	02	10	2
066	00050000	0	147	250	060	02	10	99
067	00050001	0	148	250	060	02	10	99
068	00050002	0	148	250	060	02	10	99

LGM
129	00002101	0
130	00002102	0
131	00002103	0
132	00002104	0
133	00002105	0
134	00002106	0
135	00002029	0
136	00002030	0
137	00002031	0
138	00002032	0
139	00002033	0
140	00002034	0
141	00002035	0
142	00002036	0
143	00002037	0
144	00002038	0
145	00002039	0
146	00002189	0
147	00070000	0
148	00070001	0


SCM
003
USM
001	00009294	0	129	250	060	02	10	3
002	00009295	0	129	250	060	02	10	3
003	00009296	0	130	250	060	02	10	3
004	00009297	0	130	250	060	02	10	3
005	00009298	0	130	250	060	02	10	3
006	00009299	0	130	250	060	02	10	3
007	00009300	0	146	250	060	02	10	3
008	00009301	0	147	250	060	02	10	3
009	00009302	0	131	250	060	02	10	3
010	00009303	0	131	250	060	02	10	3
011	00009304	0	132	250	060	02	10	3
012	00009305	0	132	250	060	02	10	3
013	00009306	0	148	250	060	02	10	3
014	00009307	0	149	250	060	02	10	3
015	00009308	0	133	250	060	02	10	3
016	00009309	0	133	250	060	02	10	3
017	00009310	0	133	250	060	02	10	3
018	00009311	0	134	250	060	02	10	3
019	00009312	0	134	250	060	02	10	3
020	00009313	0	134	250	060	02	10	3
021	00009314	0	134	250	060	02	10	3
022	00009315	0	135	250	060	02	10	3
023	00009316	0	135	250	060	02	10	3
024	00009317	0	135	250	060	02	10	3
025	00009318	0	135	250	060	02	10	3
026	00009319	0	136	250	060	02	10	3
027	00009320	0	136	250	060	02	10	3
028	00009321	0	136	250	060	02	10	3
029	00009322	0	137	250	060	02	10	3
030	00009323	0	137	250	060	02	10	3
031	00009324	0	150	250	060	02	10	3
032	00009325	0	138	250	060	02	10	3
033	00009326	0	138	250	060	02	10	3
034	00009327	0	138	250	060	02	10	3
035	00009328	0	138	250	060	02	10	3
036	00009329	0	139	250	060	02	10	3
037	00009330	0	139	250	060	02	10	3
038	00009331	0	139	250	060	02	10	3
039	00009332	0	139	250	060	02	10	3
040	00009333	0	140	250	060	02	10	3
041	00009334	0	140	250	060	02	10	3
042	00009335	0	140	250	060	02	10	3
043	00009336	0	140	250	060	02	10	3
044	00009337	0	141	250	060	02	10	3
045	00009338	0	141	250	060	02	10	3
046	00009339	0	141	250	060	02	10	3
047	00009340	0	142	250	060	02	10	3
048	00009341	0	142	250	060	02	10	3
049	00009342	0	142	250	060	02	10	3
050	00009343	0	142	250	060	02	10	3
051	00009344	0	143	250	060	02	10	3
052	00009345	0	143	250	060	02	10	3
053	00009346	0	143	250	060	02	10	3
054	00009347	0	143	250	060	02	10	3
055	00009348	0	144	250	060	02	10	3
056	00009349	0	144	250	060	02	10	3
057	00009350	0	144	250	060	02	10	3
058	00009351	0	144	250	060	02	10	3
059	00009352	0	145	250	060	02	10	3
060	00009353	0	145	250	060	02	10	3
061	00009354	0	145	250	060	02	10	3
062	00009355	0	145	250	060	02	10	3
063	00050000	0	151	250	060	02	10	99
064	00050001	0	152	250	060	02	10	99

LGM
129	00002084	0
130	00002085	0
131	00002086	0
132	00002087	0
133	00002088	0
134	00002089	0
135	00002090	0
136	00002091	0
137	00002092	0
138	00002093	0
139	00002094	0
140	00002095	0
141	00002096	0
142	00002097	0
143	00002098	0
144	00002099	0
145	00002100	0
146	00002188	0
147	00002205	0
148	00002190	0
149	00002187	0
150	00002191	0
151	00070000	0
152	00070001	0


SCM
004
USM
001	00009241	0	129	250	060	02	10	4
002	00009242	0	129	250	060	02	10	4
003	00009243	0	129	250	060	02	10	4
004	00009244	0	129	250	060	02	10	4
005	00009245	0	130	250	060	02	10	4
006	00009246	0	130	250	060	02	10	4
007	00009247	0	130	250	060	02	10	4
008	00009248	0	130	250	060	02	10	4
009	00009249	0	131	250	060	02	10	4
010	00009250	0	131	250	060	02	10	4
011	00009251	0	131	250	060	02	10	4
012	00009252	0	131	250	060	02	10	4
013	00009253	0	132	250	060	02	10	4
014	00009254	0	132	250	060	02	10	4
015	00009255	0	132	250	060	02	10	4
016	00009256	0	132	250	060	02	10	4
017	00009257	0	133	250	060	02	10	4
018	00009258	0	133	250	060	02	10	4
019	00009259	0	133	250	060	02	10	4
020	00009260	0	134	250	060	02	10	4
021	00009261	0	134	250	060	02	10	4
022	00009262	0	134	250	060	02	10	4
023	00009263	0	134	250	060	02	10	4
024	00009264	0	135	250	060	02	10	4
025	00009265	0	135	250	060	02	10	4
026	00009266	0	135	250	060	02	10	4
027	00009267	0	135	250	060	02	10	4
028	00009268	0	143	250	060	02	10	4
029	00009269	0	136	250	060	02	10	4
030	00009270	0	136	250	060	02	10	4
031	00009271	0	136	250	060	02	10	4
032	00009272	0	136	250	060	02	10	4
033	00009273	0	137	250	060	02	10	4
034	00009274	0	137	250	060	02	10	4
035	00009275	0	137	250	060	02	10	4
036	00009276	0	137	250	060	02	10	4
037	00009277	0	138	250	060	02	10	14
038	00009278	0	138	250	060	02	10	14
039	00009279	0	138	250	060	02	10	14
040	00009280	0	139	250	060	02	10	14
041	00009281	0	139	250	060	02	10	14
042	00009282	0	139	250	060	02	10	14
043	00009283	0	140	250	060	02	10	14
044	00009284	0	140	250	060	02	10	14
045	00009285	0	140	250	060	02	10	14
046	00009286	0	141	250	060	02	10	4
047	00009287	0	141	250	060	02	10	4
048	00009288	0	141	250	060	02	10	4
049	00009289	0	141	250	060	02	10	4
050	00009290	0	142	250	060	02	10	4
051	00009291	0	142	250	060	02	10	4
052	00009292	0	142	250	060	02	10	4
053	00009293	0	142	250	060	02	10	4
054	00050000	0	144	250	060	02	10	99
055	00050001	0	145	250	060	02	10	99
056	00050002	0	146	250	060	02	10	99

LGM
129	00002057	0
130	00002056	0
131	00002055	0
132	00002054	0
133	00002053	0
134	00002052	0
135	00002051	0
136	00002050	0
137	00002049	0
138	00002391	3
139	00002412	3
140	00002410	3
141	00002048	0
142	00002047	0
143	00002200	0
144	00050000	0
145	00050001	0
146	00050002	0


SCM
005
USM
001	00009172	0	129	250	060	02	10	5
002	00009173	0	129	250	060	02	10	5
003	00009174	0	129	250	060	02	10	5
004	00009175	0	129	250	060	02	10	5
005	00009176	0	130	250	060	02	10	5
006	00009177	0	130	250	060	02	10	5
007	00009178	0	130	250	060	02	10	5
008	00009179	0	130	250	060	02	10	5
009	00009180	0	131	250	060	02	10	5
010	00009181	0	131	250	060	02	10	5
011	00009182	0	131	250	060	02	10	5
012	00009183	0	131	250	060	02	10	5
013	00009184	0	132	250	060	02	10	5
014	00009185	0	132	250	060	02	10	5
015	00009186	0	132	250	060	02	10	5
016	00009187	0	132	250	060	02	10	5
017	00009188	0	133	250	060	02	10	5
018	00009189	0	133	250	060	02	10	5
019	00009190	0	133	250	060	02	10	5
020	00009191	0	134	250	060	02	10	5
021	00009192	0	134	250	060	02	10	5
022	00009193	0	134	250	060	02	10	5
023	00009194	0	134	250	060	02	10	5
024	00009195	0	135	250	060	02	10	5
025	00009196	0	135	250	060	02	10	5
026	00009197	0	135	250	060	02	10	5
027	00009198	0	135	250	060	02	10	5
028	00009199	0	148	250	060	02	10	5
029	00009200	0	136	250	060	02	10	5
030	00009201	0	136	250	060	02	10	5
031	00009202	0	137	250	060	02	10	5
032	00009203	0	137	250	060	02	10	5
033	00009204	0	137	250	060	02	10	5
034	00009205	0	138	250	060	02	10	5
035	00009206	0	138	250	060	02	10	5
036	00009207	0	147	250	060	02	10	5
037	00009208	0	139	250	060	02	10	5
038	00009209	0	139	250	060	02	10	5
039	00009210	0	139	250	060	02	10	5
040	00009211	0	139	250	060	02	10	5
041	00009212	0	140	250	060	02	10	5
042	00009213	0	140	250	060	02	10	5
043	00009214	0	140	250	060	02	10	5
044	00009215	0	140	250	060	02	10	5
045	00009216	0	141	250	060	02	10	5
046	00009217	0	141	250	060	02	10	5
047	00009218	0	141	250	060	02	10	5
048	00009219	0	142	250	060	02	10	5
049	00009220	0	142	250	060	02	10	5
050	00009221	0	142	250	060	02	10	5
051	00009222	0	142	250	060	02	10	5
052	00009223	0	143	250	060	02	10	5
053	00009224	0	143	250	060	02	10	5
054	00009225	0	143	250	060	02	10	5
055	00009226	0	143	250	060	02	10	5
056	00009227	0	144	250	060	02	10	5
057	00009228	0	144	250	060	02	10	5
058	00009229	0	144	250	060	02	10	5
059	00009230	0	144	250	060	02	10	5
060	00009231	0	145	250	060	02	10	5
061	00009232	0	145	250	060	02	10	5
062	00009233	0	145	250	060	02	10	5
063	00009234	0	145	250	060	02	10	5
064	00009235	0	146	250	060	02	10	5
065	00009236	0	146	250	060	02	10	5
066	00009237	0	146	250	060	02	10	5
067	00009238	0	146	250	060	02	10	5
068	00009239	0	146	250	060	02	10	5
069	00009240	0	149	250	060	02	10	5
070	00050000	0	150	250	060	02	10	99

LGM
129	00002075	0
130	00002074	0
131	00002073	0
132	00002072	0
133	00002071	0
134	00002070	0
135	00002069	0
136	00002068	0
137	00002067	0
138	00002066	0
139	00002065	0
140	00002064	0
141	00002063	0
142	00002062	0
143	00002061	0
144	00002060	0
145	00002059	0
146	00002058	0
147	00002198	0
148	00002199	0
149	00002197	0
150	00050000	0


SCM
006
USM
001	00009582	0	129	250	060	02	10	6
002	00009583	0	129	250	060	02	10	6
003	00009584	0	129	250	060	02	10	6
004	00009585	0	130	250	060	02	10	6
005	00009586	0	130	250	060	02	10	6
006	00009587	0	130	250	060	02	10	6
007	00009588	0	148	250	060	02	10	6
008	00009589	0	149	250	060	02	10	6
009	00009590	0	131	250	060	02	10	6
010	00009591	0	131	250	060	02	10	6
011	00009592	0	132	250	060	02	10	6
012	00009593	0	132	250	060	02	10	6
013	00009594	0	132	250	060	02	10	6
014	00009595	0	132	250	060	02	10	6
015	00009596	0	150	250	060	02	10	6
016	00009597	0	133	250	060	02	10	6
017	00009598	0	133	250	060	02	10	6
018	00009599	0	134	250	060	02	10	6
019	00009600	0	134	250	060	02	10	6
020	00009601	0	151	250	060	02	10	6
021	00009602	0	135	250	060	02	10	6
022	00009603	0	135	250	060	02	10	6
023	00009604	0	135	250	060	02	10	6
024	00009605	0	136	250	060	02	10	6
025	00009606	0	136	250	060	02	10	6
026	00009607	0	136	250	060	02	10	6
027	00009608	0	152	250	060	02	10	6
028	00009609	0	137	250	060	02	10	6
029	00009610	0	137	250	060	02	10	6
030	00009611	0	137	250	060	02	10	6
031	00009612	0	137	250	060	02	10	6
032	00009613	0	138	250	060	02	10	6
033	00009614	0	138	250	060	02	10	6
034	00009615	0	138	250	060	02	10	6
035	00009616	0	139	250	060	02	10	6
036	00009617	0	139	250	060	02	10	6
037	00009618	0	139	250	060	02	10	6
038	00009619	0	153	250	060	02	10	6
039	00009620	0	140	250	060	02	10	6
040	00009621	0	140	250	060	02	10	6
041	00009622	0	140	250	060	02	10	6
042	00009623	0	140	250	060	02	10	6
043	00009624	0	141	250	060	02	10	6
044	00009625	0	141	250	060	02	10	6
045	00009626	0	141	250	060	02	10	6
046	00009627	0	141	250	060	02	10	6
047	00009628	0	141	250	060	02	10	6
048	00009149	0	142	250	060	02	10	6
049	00009150	0	142	250	060	02	10	6
050	00009151	0	142	250	060	02	10	6
051	00009152	0	142	250	060	02	10	6
052	00009153	0	143	250	060	02	10	6
053	00009154	0	143	250	060	02	10	6
054	00009155	0	143	250	060	02	10	6
055	00009156	0	144	250	060	02	10	6
056	00009157	0	144	250	060	02	10	6
057	00009158	0	144	250	060	02	10	6
058	00009159	0	144	250	060	02	10	6
059	00009160	0	145	250	060	02	10	6
060	00009161	0	145	250	060	02	10	6
061	00009162	0	145	250	060	02	10	6
062	00009163	0	145	250	060	02	10	6
063	00009164	0	146	250	060	02	10	6
064	00009165	0	146	250	060	02	10	6
065	00009166	0	146	250	060	02	10	6
066	00009167	0	146	250	060	02	10	6
067	00009168	0	147	250	060	02	10	6
068	00009169	0	147	250	060	02	10	6
069	00009170	0	147	250	060	02	10	6
070	00009171	0	147	250	060	02	10	6
071	00050000	0	154	250	060	02	10	99
072	00050001	0	154	250	060	02	10	99

LGM
129	00002107	0
130	00002108	0
131	00002109	0
132	00002110	0
133	00002111	0
134	00002112	0
135	00002113	0
136	00002114	0
137	00002115	0
138	00002116	0
139	00002117	0
140	00002083	0
141	00002082	0
142	00002081	0
143	00002080	0
144	00002079	0
145	00002078	0
146	00002077	0
147	00002076	0
148	00002985	0
149	00002204	0
150	00002184	0
151	00002186	0
152	00002203	0
153	00002202	0
154	00070000	0


SCM
007
USM
001	00009389	0	129	250	060	02	10	7
002	00009390	0	129	250	060	02	10	7
003	00009391	0	129	250	060	02	10	7
004	00009392	0	129	250	060	02	10	7
005	00009393	0	130	250	060	02	10	7
006	00009394	0	130	250	060	02	10	7
007	00009395	0	130	250	060	02	10	7
008	00009396	0	130	250	060	02	10	7
009	00009397	0	131	250	060	02	10	15
010	00009398	0	131	250	060	02	10	15
011	00009399	0	131	250	060	02	10	15
012	00009400	0	132	250	060	02	10	15
013	00009401	0	132	250	060	02	10	15
014	00009402	0	132	250	060	02	10	15
015	00009403	0	133	250	060	02	10	7
016	00009404	0	133	250	060	02	10	7
017	00009405	0	133	250	060	02	10	7
018	00009406	0	133	250	060	02	10	7
019	00009407	0	134	250	060	02	10	7
020	00009408	0	134	250	060	02	10	7
021	00009409	0	134	250	060	02	10	7
022	00009410	0	134	250	060	02	10	7
023	00009411	0	135	250	060	02	10	7
024	00009412	0	135	250	060	02	10	7
025	00009413	0	135	250	060	02	10	7
026	00009414	0	135	250	060	02	10	7
027	00009415	0	146	250	060	02	10	7
028	00009416	0	136	250	060	02	10	7
029	00009417	0	136	250	060	02	10	7
030	00009418	0	136	250	060	02	10	7
031	00009419	0	136	250	060	02	10	7
032	00009420	0	137	250	060	02	10	7
033	00009421	0	137	250	060	02	10	7
034	00009422	0	137	250	060	02	10	7
035	00009423	0	137	250	060	02	10	7
036	00009424	0	138	250	060	02	10	7
037	00009425	0	138	250	060	02	10	7
038	00009426	0	138	250	060	02	10	7
039	00009427	0	139	250	060	02	10	7
040	00009428	0	139	250	060	02	10	7
041	00009429	0	139	250	060	02	10	7
042	00009430	0	139	250	060	02	10	7
043	00009431	0	140	250	060	02	10	7
044	00009432	0	140	250	060	02	10	7
045	00009433	0	140	250	060	02	10	7
046	00009434	0	140	250	060	02	10	7
047	00009435	0	141	250	060	02	10	7
048	00009436	0	141	250	060	02	10	7
049	00009437	0	141	250	060	02	10	7
050	00009438	0	141	250	060	02	10	7
051	00009439	0	142	250	060	02	10	7
052	00009440	0	142	250	060	02	10	7
053	00009441	0	142	250	060	02	10	7
054	00009442	0	142	250	060	02	10	7
055	00009477	0	143	250	060	02	10	7
056	00009478	0	143	250	060	02	10	7
057	00009479	0	144	250	060	02	10	7
058	00009480	0	144	250	060	02	10	7
059	00009481	0	144	250	060	02	10	7
060	00009482	0	145	250	060	02	10	7
061	00009483	0	145	250	060	02	10	7
062	00050000	0	147	250	060	02	10	99
063	00050001	0	148	250	060	02	10	99

LGM
129	00002118	0
130	00002119	0
131	00002386	3
132	00002385	3
133	00002120	0
134	00002121	0
135	00002122	0
136	00002123	0
137	00002124	0
138	00002125	0
139	00002126	0
140	00002127	0
141	00002128	0
142	00002129	0
143	00002138	0
144	00002139	0
145	00002140	0
146	00002179	0
147	00070000	0
148	00070001	0


SCM
008
USM
001	00009443	0	144	250	060	02	10	8
002	00009444	0	129	250	060	02	10	8
003	00009445	0	129	250	060	02	10	8
004	00009446	0	129	250	060	02	10	8
005	00009447	0	129	250	060	02	10	8
006	00009448	0	129	250	060	02	10	8
007	00009449	0	130	250	060	02	10	8
008	00009450	0	130	250	060	02	10	8
009	00009451	0	130	250	060	02	10	8
010	00009452	0	130	250	060	02	10	8
011	00009453	0	131	250	060	02	10	8
012	00009454	0	131	250	060	02	10	8
013	00009455	0	131	250	060	02	10	8
014	00009456	0	131	250	060	02	10	8
015	00009457	0	132	250	060	02	10	8
016	00009458	0	132	250	060	02	10	8
017	00009459	0	132	250	060	02	10	8
018	00009460	0	132	250	060	02	10	8
019	00009461	0	133	250	060	02	10	8
020	00009462	0	133	250	060	02	10	8
021	00009463	0	133	250	060	02	10	8
022	00009464	0	133	250	060	02	10	8
023	00009465	0	134	250	060	02	10	8
024	00009466	0	134	250	060	02	10	8
025	00009467	0	134	250	060	02	10	8
026	00009468	0	135	250	060	02	10	8
027	00009469	0	135	250	060	02	10	8
028	00009470	0	135	250	060	02	10	8
029	00009471	0	135	250	060	02	10	8
030	00009472	0	136	250	060	02	10	8
031	00009473	0	136	250	060	02	10	8
032	00009474	0	136	250	060	02	10	8
033	00009475	0	136	250	060	02	10	8
034	00009476	0	145	250	060	02	10	8
035	00009484	0	146	250	060	02	10	8
036	00009485	0	137	250	060	02	10	8
037	00009486	0	137	250	060	02	10	8
038	00009487	0	137	250	060	02	10	8
039	00009488	0	137	250	060	02	10	8
040	00009489	0	138	250	060	02	10	8
041	00009490	0	138	250	060	02	10	8
042	00009491	0	138	250	060	02	10	8
043	00009492	0	138	250	060	02	10	8
044	00009493	0	139	250	060	02	10	8
045	00009494	0	139	250	060	02	10	8
046	00009495	0	139	250	060	02	10	8
047	00009496	0	140	250	060	02	10	8
048	00009497	0	140	250	060	02	10	8
049	00009498	0	140	250	060	02	10	8
050	00009499	0	140	250	060	02	10	8
051	00009500	0	141	250	060	02	10	8
052	00009501	0	141	250	060	02	10	8
053	00009502	0	141	250	060	02	10	8
054	00009503	0	141	250	060	02	10	8
055	00009504	0	142	250	060	02	10	8
056	00009505	0	142	250	060	02	10	8
057	00009506	0	142	250	060	02	10	8
058	00009507	0	142	250	060	02	10	8
059	00009508	0	143	250	060	02	10	8
060	00009509	0	143	250	060	02	10	8
061	00009510	0	143	250	060	02	10	8
062	00009511	0	143	250	060	02	10	8
063	00050000	0	147	250	060	02	10	99
064	00050001	0	148	250	060	02	10	99

LGM
129	00002130	0
130	00002131	0
131	00002132	0
132	00002133	0
133	00002134	0
134	00002135	0
135	00002136	0
136	00002137	0
137	00002141	0
138	00002142	0
139	00002143	0
140	00002144	0
141	00002145	0
142	00002146	0
143	00002147	0
144	00002178	0
145	00002181	0
146	00002180	0
147	00070000	0
148	00070001	0


SCM
009
USM
001	00009512	0	129	250	060	02	10	9
002	00009513	0	129	250	060	02	10	9
003	00009514	0	129	250	060	02	10	9
004	00009515	0	129	250	060	02	10	9
005	00009516	0	130	250	060	02	10	9
006	00009517	0	130	250	060	02	10	9
007	00009518	0	130	250	060	02	10	9
008	00009519	0	130	250	060	02	10	9
009	00009520	0	131	250	060	02	10	9
010	00009521	0	131	250	060	02	10	9
011	00009522	0	131	250	060	02	10	9
012	00009523	0	131	250	060	02	10	9
013	00009524	0	132	250	060	02	10	9
014	00009525	0	132	250	060	02	10	9
015	00009526	0	132	250	060	02	10	9
016	00009527	0	132	250	060	02	10	9
017	00009528	0	133	250	060	02	10	9
018	00009529	0	133	250	060	02	10	9
019	00009530	0	133	250	060	02	10	9
020	00009531	0	134	250	060	02	10	9
021	00009532	0	134	250	060	02	10	9
022	00009533	0	134	250	060	02	10	9
023	00009534	0	134	250	060	02	10	9
024	00009535	0	135	250	060	02	10	9
025	00009536	0	135	250	060	02	10	9
026	00009537	0	135	250	060	02	10	9
027	00009538	0	135	250	060	02	10	9
028	00009539	0	148	250	060	02	10	9
029	00009540	0	136	250	060	02	10	9
030	00009541	0	136	250	060	02	10	9
031	00009542	0	136	250	060	02	10	9
032	00009543	0	136	250	060	02	10	9
033	00009544	0	149	250	060	02	10	9
034	00009545	0	137	250	060	02	10	9
035	00009546	0	137	250	060	02	10	9
036	00009547	0	137	250	060	02	10	9
037	00009548	0	138	250	060	02	10	9
038	00009549	0	138	250	060	02	10	9
039	00009550	0	138	250	060	02	10	9
040	00009551	0	139	250	060	02	10	9
041	00009552	0	139	250	060	02	10	9
042	00009553	0	139	250	060	02	10	9
043	00009554	0	139	250	060	02	10	9
044	00009555	0	150	250	060	02	10	9
045	00009556	0	140	250	060	02	10	9
046	00009557	0	140	250	060	02	10	9
047	00009558	0	140	250	060	02	10	9
048	00009559	0	141	250	060	02	10	9
049	00009560	0	141	250	060	02	10	9
050	00009561	0	141	250	060	02	10	9
051	00009562	0	151	250	060	02	10	9
052	00009563	0	142	250	060	02	10	9
053	00009564	0	142	250	060	02	10	9
054	00009565	0	143	250	060	02	10	9
055	00009566	0	143	250	060	02	10	9
056	00009567	0	152	250	060	02	10	9
057	00009568	0	144	250	060	02	10	9
058	00009569	0	144	250	060	02	10	9
059	00009570	0	144	250	060	02	10	9
060	00009571	0	144	250	060	02	10	9
061	00009572	0	145	250	060	02	10	9
062	00009573	0	145	250	060	02	10	9
063	00009574	0	153	250	060	02	10	9
064	00009575	0	154	250	060	02	10	9
065	00009576	0	146	250	060	02	10	9
066	00009577	0	146	250	060	02	10	9
067	00009578	0	146	250	060	02	10	9
068	00009579	0	147	250	060	02	10	9
069	00009580	0	147	250	060	02	10	9
070	00009581	0	147	250	060	02	10	9
071	00050000	0	155	250	060	02	10	99
072	00050001	0	156	250	060	02	10	99



LGM
129	00002148	0
130	00002149	0
131	00002150	0
132	00002151	0
133	00002152	0
134	00002153	0
135	00002154	0
136	00002155	0
137	00002156	0
138	00002157	0
139	00002158	0
140	00002159	0
141	00002160	0
142	00002161	0
143	00002162	0
144	00002163	0
145	00002164	0
146	00002165	0
147	00002166	0
148	00002182	0
149	00002183	0
150	00002174	0
151	00002176	0
152	00002173	0
153	00002177	0
154	00002172	0
155	00070000	0
156	00070001	0



