SCM
001
USM
001	00004795	0	129	250	100	05	10	1
002	00004796	0	129	250	100	05	10	1
003	00004797	0	129	250	100	05	10	1
004	00004798	0	130	250	100	05	10	1
005	00004799	0	130	250	100	05	10	1
006	00004800	0	130	250	100	05	10	1
007	00004801	0	130	250	100	05	10	1
008	00004802	0	131	250	100	05	10	1
009	00004803	0	131	250	100	05	10	1
010	00004804	0	131	250	100	05	10	1
011	00004805	0	132	250	100	05	10	1
012	00004806	0	132	250	100	05	10	1
013	00004807	0	132	250	100	05	10	1
014	00004808	0	133	250	100	05	10	1
015	00004809	0	133	250	100	05	10	1
016	00004810	0	133	250	100	05	10	1
017	00004811	0	133	250	100	05	10	1
018	00004812	0	134	250	100	05	10	2
019	00004813	0	134	250	100	05	10	2
020	00004814	0	134	250	100	05	10	2
021	00004815	0	135	250	100	05	10	2
022	00004816	0	135	250	100	05	10	2
023	00004817	0	135	250	100	05	10	2
024	00004818	0	135	250	100	05	10	2
025	00004819	0	136	250	100	05	10	2
026	00004820	0	136	250	100	05	10	2
027	00004821	0	137	250	100	05	10	2
028	00004822	0	137	250	100	05	10	2
029	00004823	0	137	250	100	05	10	2
030	00004824	0	138	250	100	05	10	2
031	00004825	0	138	250	100	05	10	2
032	00004826	0	138	250	100	05	10	2
033	00004827	0	138	250	100	05	10	2
034	00004828	0	139	250	100	05	10	2
035	00004829	0	139	250	100	05	10	2
036	00004830	0	145	250	100	05	10	2
037	00004457	0	140	250	100	05	10	2
038	00004458	0	140	250	100	05	10	2
039	00004459	0	140	250	100	05	10	2
040	00004460	0	140	250	100	05	10	2
041	00004461	0	141	250	100	05	10	5
042	00004462	0	141	250	100	05	10	5
043	00004463	0	141	250	100	05	10	5
044	00004464	0	142	250	100	05	10	5
045	00004465	0	145	250	100	05	10	5
046	00004466	0	142	250	100	05	10	5
047	00004467	0	142	250	100	05	10	5
048	00004468	0	143	250	100	05	10	5
049	00004469	0	143	250	100	05	10	5
050	00004470	0	143	250	100	05	10	5
051	00004471	0	144	250	100	05	10	5
052	00004472	0	144	250	100	05	10	5
053	00004473	0	144	250	100	05	10	5
054	00004474	0	144	250	100	05	10	5
055	00008645	0	145	250	100	05	10	5
056	00008646	0	145	250	100	05	10	5
057	00008647	0	145	250	100	05	10	5
058	00008662	0	145	250	100	05	10	5
059	00070001	0	145	250	100	05	10	99
060	00070002	0	145	250	100	05	10	99




LGM
129	00001571	0
130	00001572	0
131	00000312	0
132	00001574	0
133	00001575	0
134	00001576	0
135	00001577	0
136	00001578	0
137	00001579	0
138	00001580	0
139	00001581	0
140	00001582	0
141	00001583	0
142	00001584	0
143	00001585	0
144	00001586	0
145	00070000	0
146	00070001	0





SCM
002
USM
001	00004475	0	144	250	100	05	10	3
002	00004476	0	129	250	100	05	10	3
003	00004477	0	129	250	100	05	10	3
004	00004478	0	129	250	100	05	10	3
005	00004479	0	130	250	100	05	10	3
006	00004480	0	130	250	100	05	10	3
007	00004481	0	130	250	100	05	10	3
008	00004482	0	131	250	100	05	10	3
009	00004483	0	131	250	100	05	10	3
010	00004484	0	131	250	100	05	10	3
011	00004485	0	131	250	100	05	10	3
012	00004486	0	148	250	100	05	10	3
013	00004487	0	132	250	100	05	10	3
014	00004488	0	132	250	100	05	10	3
015	00004489	0	132	250	100	05	10	3
016	00004490	0	132	250	100	05	10	3
017	00004491	0	133	250	100	05	10	4
018	00004492	0	133	250	100	05	10	4
019	00004493	0	133	250	100	05	10	4
020	00004494	0	133	250	100	05	10	4
021	00004495	0	149	250	100	05	10	4
022	00004496	0	134	250	100	05	10	4
023	00004497	0	134	250	100	05	10	4
024	00004498	0	134	250	100	05	10	4
025	00004499	0	134	250	100	05	10	4
026	00004500	0	135	250	100	05	10	4
027	00004501	0	135	250	100	05	10	4
028	00004502	0	135	250	100	05	10	4
029	00004503	0	136	250	100	05	10	4
030	00004504	0	136	250	100	05	10	4
031	00004505	0	136	250	100	05	10	4
032	00004506	0	145	250	100	05	10	4
033	00003615	0	146	250	100	05	10	4
034	00004507	0	137	250	100	05	10	4
035	00004509	0	137	250	100	05	10	4
036	00004510	0	137	250	100	05	10	4
037	00004511	0	138	250	100	05	10	4
038	00004512	0	138	250	100	05	10	4
039	00004513	0	138	250	100	05	10	4
040	00004514	0	150	250	100	05	10	4
041	00004515	0	139	250	100	05	10	4
042	00004516	0	139	250	100	05	10	4
043	00004517	0	139	250	100	05	10	4
044	00004518	0	139	250	100	05	10	4
045	00004519	0	140	250	100	05	10	6
046	00004520	0	140	250	100	05	10	6
047	00004521	0	140	250	100	05	10	6
048	00004522	0	140	250	100	05	10	6
049	00004523	0	141	250	100	05	10	6
050	00004524	0	153	250	100	05	10	6
051	00004525	0	142	250	100	05	10	6
052	00004526	0	142	250	100	05	10	6
053	00004527	0	142	250	100	05	10	6
054	00004528	0	143	250	100	05	10	6
055	00004529	0	143	250	100	05	10	6
056	00004530	0	143	250	100	05	10	6
057	00004531	0	147	250	100	05	10	6
058	00004465	0	148	250	100	05	10	6
059	00004724	0	149	250	100	05	10	6
060	00008637	0	144	250	100	05	10	6
061	00008638	0	145	250	100	05	10	6
062	00003619	0	146	200	80	05	3	6
063	00008640	0	147	250	100	05	10	6
064	00004723	0	150	250	100	05	10	6
065	00004722	0	141	250	100	05	10	6
066	00008661	0	153	250	100	05	10	6
067	00070000	0	151	250	100	05	10	99
068	00070001	0	152	250	100	05	10	99
069	00070002	0	153	250	100	05	10	99




LGM
129	00001587	0
130	00000311	0
131	00001589	0
132	00001590	0
133	00001591	0
134	00001592	0
135	00001593	0
136	00001594	0
137	00001595	0
138	00001596	0
139	00001597	0
140	00001598	0
141	00001558	0
142	00001600	0
143	00001601	0
144	00001562	0
145	00000301	0
146	00000302	0
147	00000303	0
148	00000308	0
149	00000307	0
150	00000306	0
151	00070000	0
152	00070001	0
153	00070002	0




SCM
003
USM
001	00004532	0	129	250	100	05	10	7
002	00004533	0	129	250	100	05	10	7
003	00004534	0	129	250	100	05	10	7
004	00004535	0	130	250	100	05	10	7
005	00004536	0	130	250	100	05	10	7
006	00004537	0	130	250	100	05	10	7
007	00004538	0	130	250	100	05	10	7
008	00004539	0	131	250	100	05	10	7
009	00004540	0	131	250	100	05	10	7
010	00004541	0	131	250	100	05	10	7
011	00004542	0	132	250	100	05	10	7
012	00004543	0	132	250	100	05	10	7
013	00004544	0	132	250	100	05	10	7
014	00004545	0	132	250	100	05	10	7
015	00004546	0	132	250	100	05	10	7
016	00004547	0	133	250	100	05	10	12
017	00004548	0	133	250	100	05	10	12
018	00004549	0	133	250	100	05	10	12
019	00004550	0	134	250	100	05	10	12
020	00004551	0	134	250	100	05	10	12
021	00004552	0	134	250	100	05	10	12
022	00004553	0	134	250	100	05	10	12
023	00004554	0	135	250	100	05	10	12
024	00004555	0	135	250	100	05	10	12
025	00004556	0	135	250	100	05	10	12
026	00004557	0	136	250	100	05	10	12
027	00004558	0	136	250	100	05	10	12
028	00004559	0	136	250	100	05	10	12
029	00004560	0	136	250	100	05	10	12
030	00004561	0	137	250	100	05	10	12
031	00004562	0	137	250	100	05	10	12
032	00004563	0	137	250	100	05	10	12
033	00004564	0	137	250	100	05	10	12
034	00004565	0	138	250	100	05	10	12
035	00004566	0	138	250	100	05	10	12
036	00004567	0	138	250	100	05	10	12
037	00004568	0	139	250	100	05	10	12
038	00004569	0	139	250	100	05	10	12
039	00004570	0	139	250	100	05	10	12
040	00004571	0	139	250	100	05	10	12
041	00004572	0	140	250	100	05	10	12
042	00004573	0	140	250	100	05	10	12
043	00008624	0	140	250	100	05	10	12
044	00004575	0	141	250	100	05	10	5
045	00004576	0	141	250	100	05	10	5
046	00004577	0	141	250	100	05	10	5
047	00004578	0	141	250	100	05	10	5
048	00004579	0	141	250	100	05	10	5
049	00004580	0	142	250	100	05	10	5
050	00004581	0	142	250	100	05	10	5
051	00004582	0	142	250	100	05	10	5
052	00004583	0	143	250	100	05	10	5
053	00004584	0	143	250	100	05	10	5
054	00004585	0	143	250	100	05	10	5
055	00004586	0	143	250	100	05	10	5
056	00004587	0	144	250	100	05	10	5
057	00004588	0	144	250	100	05	10	5
058	00004589	0	144	250	100	05	10	5
059	00008648	0	137	250	100	05	10	5
060	00008649	0	136	250	100	05	10	5
061	00008660	0	146	250	100	05	10	5
062	00008659	0	146	250	100	05	10	5
063	00008658	0	146	250	100	05	10	5
064	00008657	0	146	250	100	05	10	13
065	00008656	0	146	250	100	05	10	13
066	00008655	0	146	250	100	05	10	13
067	00008654	0	146	250	100	05	10	13
068	00008653	0	146	250	100	05	10	13
069	00070001	0	145	250	100	05	10	99
070	00070002	0	146	250	100	05	10	99
071	00070003	0	146	250	100	05	10	99






LGM
129	00001602	0
130	00001570	0
131	00001604	0
132	00001605	0
133	00001606	0
134	00001607	0
135	00001608	0
136	00001609	0
137	00001610	0
138	00001611	0
139	00001612	0
140	00001613	0
141	00001614	0
142	00001615	0
143	00001616	0
144	00001617	0
145	00070001	0
146	00070002	0





SCM
004
USM
001	00004590	0	129	250	100	05	10	6
002	00004591	0	129	250	100	05	10	6
003	00004592	0	129	250	100	05	10	6
004	00004593	0	129	250	100	05	10	6
005	00004594	0	129	250	100	05	10	6
006	00004595	0	130	250	100	05	10	6
007	00004596	0	130	250	100	05	10	6
008	00004597	0	130	250	100	05	10	6
009	00004598	0	130	250	100	05	10	6
010	00004599	0	131	250	100	05	10	6
011	00004600	0	131	250	100	05	10	6
012	00004601	0	131	250	100	05	10	6
013	00004602	0	132	250	100	05	10	6
014	00004603	0	132	250	100	05	10	6
015	00004604	0	132	250	100	05	10	6
016	00004605	0	148	250	100	05	10	6
017	00004606	0	133	250	100	05	10	7
018	00004607	0	133	250	100	05	10	7
019	00004608	0	133	250	100	05	10	7
020	00004609	0	133	250	100	05	10	7
021	00004610	0	134	250	100	05	10	7
022	00004611	0	134	250	100	05	10	7
023	00004612	0	134	250	100	05	10	7
024	00004613	0	135	250	100	05	10	7
025	00004614	0	135	250	100	05	10	7
026	00004615	0	135	250	100	05	10	7
027	00004616	0	135	250	100	05	10	7
028	00004617	0	135	250	100	05	10	7
029	00004618	0	136	250	100	05	10	9
030	00004619	0	136	250	100	05	10	9
031	00004620	0	136	250	100	05	10	9
032	00004621	0	136	250	100	05	10	9
033	00004622	0	136	250	100	05	10	9
034	00004623	0	137	250	100	05	10	9
035	00004624	0	137	250	100	05	10	9
036	00004625	0	137	250	100	05	10	9
037	00004626	0	138	250	100	05	10	9
038	00004627	0	138	250	100	05	10	9
039	00004628	0	138	250	100	05	10	9
040	00004629	0	138	250	100	05	10	9
041	00004630	0	139	250	100	05	10	9
042	00004631	0	139	250	100	05	10	9
043	00004632	0	139	250	100	05	10	9
044	00004633	0	149	250	100	05	10	8
045	00004634	0	140	250	100	05	10	8
046	00004635	0	140	250	100	05	10	8
047	00004636	0	140	250	100	05	10	8
048	00004637	0	141	250	100	05	10	8
049	00004638	0	141	250	100	05	10	8
050	00004639	0	141	250	100	05	10	8
051	00004640	0	142	250	100	05	10	8
052	00004641	0	142	250	100	05	10	8
053	00004642	0	142	250	100	05	10	8
054	00004643	0	142	250	100	05	10	8
055	00004644	0	143	250	100	05	10	8
056	00004645	0	143	250	100	05	10	8
057	00004646	0	143	250	100	05	10	8
058	00004647	0	143	250	100	05	10	8
059	00004648	0	143	250	100	05	10	8
060	00004649	0	144	250	100	05	10	8
061	00004650	0	144	250	100	05	10	8
062	00004651	0	144	250	100	05	10	8
063	00004652	0	144	250	100	05	10	8
064	00004707	0	144	250	100	05	10	8
065	00004654	0	145	250	100	05	10	8
066	00004708	0	144	250	100	05	10	8
067	00004709	0	144	250	100	05	10	8
068	00004710	0	145	250	100	05	10	8
069	00004711	0	145	250	100	05	10	8
070	00004721	0	146	250	100	05	10	8
071	00004720	0	147	250	100	05	10	8
072	00008641	0	148	250	100	05	10	8
073	00008642	0	149	250	100	05	10	8
074	00070000	0	150	250	100	05	10	99
075	00070001	0	151	250	100	05	10	99
076	00070002	0	152	250	100	05	10	99






LGM
129	00001618	0
130	00001619	0
131	00001620	0
132	00001621	0
133	00001622	0
134	00001623	0
135	00001624	0
136	00001625	0
137	00001626	0
138	00001627	0
139	00001628	0
140	00000313	0
141	00001630	0
142	00001631	0
143	00001632	0
144	00001588	0
145	00001634	0
146	00001654	0
147	00001650	0
148	00000304	0
149	00000305	0
150	00070001	0
151	00070002	0
152	00070003	0






SCM
005
USM
001	00004655	0	129	250	100	05	10	8
002	00004656	0	129	250	100	05	10	8
003	00004657	0	129	250	100	05	10	8
004	00004658	0	129	250	100	05	10	8
005	00004659	0	130	250	100	05	10	8
006	00004660	0	130	250	100	05	10	8
007	00004661	0	130	250	100	05	10	8
008	00004662	0	131	250	100	05	10	8
009	00004663	0	131	250	100	05	10	8
010	00004664	0	131	250	100	05	10	8
011	00004665	0	149	250	100	05	10	8
012	00004666	0	132	250	100	05	10	9
013	00004667	0	132	250	100	05	10	9
014	00004668	0	132	250	100	05	10	9
015	00004669	0	133	250	100	05	10	9
016	00004670	0	133	250	100	05	10	9
017	00004671	0	133	250	100	05	10	9
018	00004672	0	133	250	100	05	10	9
019	00004673	0	134	250	100	05	10	9
020	00004674	0	134	250	100	05	10	9
021	00004675	0	134	250	100	05	10	9
022	00004676	0	135	250	100	05	10	9
023	00004677	0	135	250	100	05	10	9
024	00004678	0	135	250	100	05	10	9
025	00004679	0	135	250	100	05	10	9
026	00004680	0	135	250	100	05	10	9
027	00004681	0	136	250	100	05	10	11
028	00004682	0	136	250	100	05	10	11
029	00004683	0	136	250	100	05	10	11
030	00004684	0	136	250	100	05	10	11
031	00004685	0	136	250	100	05	10	11
032	00004686	0	137	250	100	05	10	11
033	00004687	0	137	250	100	05	10	11
034	00004688	0	137	250	100	05	10	11
035	00004689	0	138	250	100	05	10	11
036	00004690	0	138	250	100	05	10	11
037	00004691	0	138	250	100	05	10	11
038	00004692	0	138	250	100	05	10	11
039	00004693	0	139	250	100	05	10	11
040	00004694	0	139	250	100	05	10	11
041	00004695	0	139	250	100	05	10	11
042	00004696	0	150	250	100	05	10	10
043	00004697	0	140	250	100	05	10	10
044	00004698	0	140	250	100	05	10	10
045	00004699	0	140	250	100	05	10	10
046	00004700	0	141	250	100	05	10	10
047	00004701	0	141	250	100	05	10	10
048	00004702	0	141	250	100	05	10	10
049	00004703	0	142	250	100	05	10	10
050	00004704	0	142	250	100	05	10	10
051	00004705	0	142	250	100	05	10	10
052	00004706	0	142	250	100	05	10	10
053	00004712	0	144	250	100	05	10	10
054	00004713	0	145	250	100	05	10	10
055	00004714	0	145	250	100	05	10	10
056	00004715	0	145	250	100	05	10	10
057	00004716	0	146	250	100	05	10	10
058	00004717	0	146	250	100	05	10	11
059	00004718	0	146	250	100	05	10	11
060	00004719	0	147	250	100	05	10	11
061	00008643	0	149	250	100	05	10	11
062	00008644	0	150	250	100	05	10	11
063	00004649	0	151	250	100	05	10	8
064	00004650	0	151	250	100	05	10	8
065	00004651	0	151	250	100	05	10	8
066	00004652	0	151	250	100	05	10	8
067	00004707	0	151	250	100	05	10	8
068	00004653	0	152	250	100	05	10	8
069	00004708	0	151	250	100	05	10	8
070	00004709	0	151	250	100	05	10	8
071	00004710	0	152	250	100	05	10	8
072	00008622	0	152	250	100	05	10	8
073	00070000	0	153	250	100	05	10	99
074	00070001	0	154	250	100	05	10	99





LGM
129	00001635	0
130	00001636	0
131	00001637	0
132	00001638	0
133	00001639	0
134	00001640	0
135	00001641	0
136	00001642	0
137	00001643	0
138	00001644	0
139	00000314	0
140	00001646	0
141	00001647	0
142	00001648	0
143	00001649	0
144	00001650	0
145	00001651	0
146	00001652	0
147	00001653	0
148	00001654	0
149	00000309	0
150	00000310	0
151	00001633	0
152	00001634	0
153	00070000	0
154	00070001	0







SCM
006
USM
001	00004725	0	139	250	100	05	10	13
002	00004726	0	129	250	100	05	10	13
003	00004727	0	129	250	100	05	10	13
004	00004728	0	130	250	100	05	10	13
005	00004729	0	130	250	100	05	10	13
006	00004730	0	131	250	100	05	10	13
007	00004731	0	131	250	100	05	10	13
008	00004732	0	131	250	100	05	10	13
009	00004733	0	131	250	100	05	10	13
010	00004734	0	131	250	100	05	10	13
011	00004735	0	132	250	100	05	10	13
012	00004736	0	132	250	100	05	10	13
013	00004737	0	132	250	100	05	10	13
014	00004738	0	133	250	100	05	10	13
015	00004739	0	133	250	100	05	10	13
016	00004740	0	133	250	100	05	10	13
017	00004741	0	133	250	100	05	10	13
018	00004742	0	134	250	100	05	10	13
019	00004743	0	134	250	100	05	10	13
020	00004744	0	134	250	100	05	10	13
021	00004745	0	135	250	100	05	10	13
022	00004746	0	135	250	100	05	10	13
023	00004747	0	135	250	100	05	10	13
024	00004748	0	136	250	100	05	10	13
025	00004749	0	136	250	100	05	10	13
026	00004750	0	136	250	100	05	10	13
027	00004751	0	137	250	100	05	10	13
028	00004752	0	137	250	100	05	10	13
029	00004753	0	137	250	100	05	10	13
030	00004754	0	138	250	100	05	10	13
031	00004755	0	138	250	100	05	10	13
032	00004756	0	138	250	100	05	10	13
033	00004757	0	138	250	100	05	10	13
034	00004758	0	139	250	100	05	10	13
035	00004759	0	139	250	100	05	10	13
036	00004760	0	139	250	100	05	10	13
037	00004761	0	140	250	100	05	10	13
038	00004762	0	140	250	100	05	10	13
039	00004763	0	140	250	100	05	10	13
040	00004764	0	140	250	100	05	10	13
041	00004765	0	141	250	100	05	10	13
042	00004766	0	141	250	100	05	10	13
043	00004767	0	141	250	100	05	10	13
044	00004768	0	141	250	100	05	10	13
045	00004769	0	142	250	100	05	10	13
046	00004770	0	142	250	100	05	10	13
047	00004771	0	142	250	100	05	10	13
048	00004772	0	143	250	100	05	10	13
049	00004773	0	143	250	100	05	10	13
050	00004774	0	143	250	100	05	10	13
051	00004775	0	143	250	100	05	10	13
052	00004776	0	144	250	100	05	10	13
053	00004777	0	144	250	100	05	10	13
054	00004778	0	144	250	100	05	10	13
055	00004779	0	145	250	100	05	10	13
056	00004780	0	145	250	100	05	10	13
057	00004781	0	145	250	100	05	10	13
058	00004782	0	146	250	100	05	10	13
059	00004783	0	146	250	100	05	10	13
060	00004784	0	146	250	100	05	10	13
061	00004785	0	147	250	100	05	10	13
062	00004786	0	147	250	100	05	10	13
063	00004787	0	147	250	100	05	10	13
064	00004788	0	148	250	100	05	10	13
065	00004789	0	148	250	100	05	10	13
066	00004790	0	148	250	100	05	10	13
067	00004791	0	148	250	100	05	10	13
068	00004792	0	149	250	100	05	10	13
069	00004793	0	149	250	100	05	10	13
070	00004794	0	149	250	100	05	10	13
071	00008651	0	149	250	100	05	10	13
072	00008650	0	149	250	100	05	10	13
073	00008652	0	141	250	100	05	10	13
074	00070000	0	150	250	100	05	10	99
075	00070001	0	150	250	100	05	10	99






LGM
129	00001655	0
130	00001656	0
131	00001657	0
132	00001658	0
133	00001659	0
134	00001660	0
135	00001661	0
136	00001662	0
137	00001663	0
138	00001664	0
139	00001665	0
140	00001666	0
141	00001667	0
142	00001668	0
143	00001669	0
144	00001670	0
145	00001551	0
146	00001552	0
147	00001553	0
148	00001554	0
149	00001555	0
150	00070000	0
151	00070001	0
152	00070002	0