SCM
001
USM
001	00004795	0	129	250	100	05	10	1
002	00004796	0	129	250	100	05	10	1
003	00004797	0	129	250	100	05	10	1
004	00004798	0	130	250	100	05	10	1
005	00004799	0	130	250	100	05	10	1
006	00004800	0	130	250	100	05	10	1
007	00004801	0	130	250	100	05	10	1
008	00004802	0	131	250	100	05	10	1
009	00004803	0	131	250	100	05	10	1
010	00004804	0	131	250	100	05	10	1
011	00004805	0	132	250	100	05	10	1
012	00004806	0	132	250	100	05	10	1
013	00004807	0	132	250	100	05	10	1
014	00004808	0	133	250	100	05	10	1
015	00004809	0	133	250	100	05	10	1
016	00004810	0	133	250	100	05	10	1
017	00004811	0	133	250	100	05	10	1
018	00004812	0	134	250	100	05	10	2
019	00004813	0	134	250	100	05	10	2
020	00004814	0	134	250	100	05	10	2
021	00004815	0	135	250	100	05	10	2
022	00004816	0	135	250	100	05	10	2
023	00004817	0	135	250	100	05	10	2
024	00004818	0	135	250	100	05	10	2
025	00004819	0	136	250	100	05	10	2
026	00004820	0	136	250	100	05	10	2
027	00004821	0	137	250	100	05	10	2
028	00004822	0	137	250	100	05	10	2
029	00004823	0	137	250	100	05	10	2
030	00004824	0	138	250	100	05	10	2
031	00004825	0	138	250	100	05	10	2
032	00004826	0	138	250	100	05	10	2
033	00004827	0	138	250	100	05	10	2
034	00004828	0	139	250	100	05	10	2
035	00004829	0	139	250	100	05	10	2
036	00004457	0	140	250	100	05	10	2
037	00004458	0	140	250	100	05	10	2
038	00004459	0	140	250	100	05	10	2
039	00004460	0	140	250	100	05	10	2
040	00004461	0	141	250	100	05	10	5
041	00004462	0	141	250	100	05	10	5
042	00004463	0	141	250	100	05	10	5
043	00004464	0	142	250	100	05	10	5
044	00004466	0	142	250	100	05	10	5
045	00004467	0	142	250	100	05	10	5
046	00004468	0	143	250	100	05	10	5
047	00004469	0	143	250	100	05	10	5
048	00004470	0	143	250	100	05	10	5
049	00004471	0	144	250	100	05	10	5
050	00004472	0	144	250	100	05	10	5
051	00004473	0	144	250	100	05	10	5
052	00004474	0	144	250	100	05	10	5
053	00008645	0	145	250	100	05	10	5
054	00008646	0	145	250	100	05	10	5
055	00008647	0	145	250	100	05	10	5
056	00008662	0	145	250	100	05	10	5
057	00070001	0	145	250	100	05	10	99
058	00070002	0	145	250	100	05	10	99


LGM
129	00001571	0
130	00001572	0
131	00000312	0
132	00001574	0
133	00001575	0
134	00001576	0
135	00001577	0
136	00001578	0
137	00001579	0
138	00001580	0
139	00001581	0
140	00001582	0
141	00001583	0
142	00001584	0
143	00001585	0
144	00001586	0
145	00070000	0
146	00070001	0


SCM
002
USM
001	00008637	0	129	250	100	05	10	03
002	00004475	0	129	250	100	05	10	03
003	00004476	0	130	250	100	05	10	03
004	00004477	0	130	250	100	05	10	03
005	00004478	0	130	250	100	05	10	03
006	00004479	0	131	250	100	05	10	03
007	00004480	0	131	250	100	05	10	03
008	00004481	0	131	250	100	05	10	03
009	00004482	0	132	250	100	05	10	03
010	00004483	0	132	250	100	05	10	03
011	00004484	0	132	250	100	05	10	03
012	00004485	0	132	250	100	05	10	03
013	00004465	0	133	250	100	05	10	03
014	00004486	0	133	250	100	05	10	03
015	00004487	0	134	250	100	05	10	03
016	00004488	0	134	250	100	05	10	03
017	00004489	0	134	250	100	05	10	03
018	00004490	0	134	250	100	05	10	03
019	00004491	0	135	250	100	05	10	04
020	00004492	0	135	250	100	05	10	04
021	00004493	0	135	250	100	05	10	04
022	00004494	0	135	250	100	05	10	04
023	00004724	0	136	250	100	05	10	04
024	00004495	0	136	250	100	05	10	04
025	00004496	0	137	250	100	05	10	04
026	00004497	0	137	250	100	05	10	04
027	00004498	0	137	250	100	05	10	04
028	00004499	0	137	250	100	05	10	04
029	00004500	0	138	250	100	05	10	04
030	00004501	0	138	250	100	05	10	04
031	00004502	0	138	250	100	05	10	04
032	00004503	0	139	250	100	05	10	04
033	00004504	0	139	250	100	05	10	04
034	00004505	0	139	250	100	05	10	04
035	00004506	0	140	250	100	05	10	04
036	00008638	0	140	250	100	05	10	04
037	00008639	0	141	250	100	05	10	04
038	00003615	0	141	250	100	05	10	04
039	00004507	0	142	250	100	05	10	04
040	00004509	0	142	250	100	05	10	04
041	00004510	0	142	250	100	05	10	04
042	00004511	0	143	250	100	05	10	04
043	00004512	0	143	250	100	05	10	04
044	00004513	0	143	250	100	05	10	04
045	00004723	0	144	250	100	05	10	04
046	00004514	0	144	250	100	05	10	04
047	00004515	0	145	250	100	05	10	04
048	00004516	0	145	250	100	05	10	04
049	00004517	0	145	250	100	05	10	04
050	00004518	0	145	250	100	05	10	04
051	00004519	0	146	250	100	05	10	04
052	00004520	0	146	250	100	05	10	04
053	00004521	0	146	250	100	05	10	04
054	00004522	0	146	250	100	05	10	04
055	00004523	0	147	250	100	05	10	04
056	00004722	0	147	250	100	05	10	04
057	00004524	0	151	250	100	05	10	04
058	00008661	0	151	250	100	05	10	04
059	00004525	0	148	250	100	05	10	04
060	00004526	0	148	250	100	05	10	04
061	00004527	0	148	250	100	05	10	04
062	00004528	0	149	250	100	05	10	04
063	00004529	0	149	250	100	05	10	04
064	00004530	0	149	250	100	05	10	04
065	00004531	0	150	250	100	05	10	04
066	00008640	0	150	250	100	05	10	04
067	00070000	0	151	250	100	05	10	99
068	00070001	0	151	250	100	05	10	99
069	00070002	0	152	250	100	05	10	99


LGM
129	00000300	0
130	00001587	0
131	00000311	0
132	00001589	0
133	00000308	0
134	00001590	0
135	00001591	0
136	00000307	0
137	00001592	0
138	00001593	0
139	00001594	0
140	00000301	0
141	00000302	0
142	00001595	0
143	00001596	0
144	00000306	0
145	00001597	0
146	00001598	0
147	00001558	0
148	00001600	0
149	00001601	0
150	00000303	0
151	00070000	0
152	00070001	0


SCM
003
USM
001	00004532	0	129	250	100	05	10	07
002	00004533	0	129	250	100	05	10	07
003	00004534	0	129	250	100	05	10	07
004	00004535	0	130	250	100	05	10	07
005	00004536	0	130	250	100	05	10	07
006	00004537	0	130	250	100	05	10	07
007	00004538	0	130	250	100	05	10	07
008	00004539	0	131	250	100	05	10	07
009	00004540	0	131	250	100	05	10	07
010	00004541	0	131	250	100	05	10	07
011	00004542	0	132	250	100	05	10	07
012	00004543	0	132	250	100	05	10	07
013	00004544	0	132	250	100	05	10	07
014	00004545	0	132	250	100	05	10	07
015	00004546	0	132	250	100	05	10	07
016	00004547	0	133	250	100	05	10	12
017	00004548	0	133	250	100	05	10	12
018	00004549	0	133	250	100	05	10	12
019	00004550	0	134	250	100	05	10	12
020	00004551	0	134	250	100	05	10	12
021	00004552	0	134	250	100	05	10	12
022	00004553	0	134	250	100	05	10	12
023	00004554	0	135	250	100	05	10	12
024	00004555	0	135	250	100	05	10	12
025	00004556	0	135	250	100	05	10	12
026	00004557	0	136	250	100	05	10	12
027	00004558	0	136	250	100	05	10	12
028	00004559	0	136	250	100	05	10	12
029	00004560	0	136	250	100	05	10	12
030	00008649	0	136	250	100	05	10	12
031	00008648	0	137	250	100	05	10	12
032	00004561	0	137	250	100	05	10	12
033	00004562	0	137	250	100	05	10	12
034	00004563	0	137	250	100	05	10	12
035	00004564	0	137	250	100	05	10	12
036	00004565	0	138	250	100	05	10	12
037	00004566	0	138	250	100	05	10	12
038	00004567	0	138	250	100	05	10	12
039	00004568	0	139	250	100	05	10	12
040	00004569	0	139	250	100	05	10	12
041	00004570	0	139	250	100	05	10	12
042	00004571	0	139	250	100	05	10	12
043	00004572	0	140	250	100	05	10	12
044	00004573	0	140	250	100	05	10	12
045	00008624	0	140	250	100	05	10	12
046	00004575	0	141	250	100	05	10	05
047	00004576	0	141	250	100	05	10	05
048	00004577	0	141	250	100	05	10	05
049	00004578	0	141	250	100	05	10	05
050	00004579	0	141	250	100	05	10	05
051	00004580	0	142	250	100	05	10	05
052	00004581	0	142	250	100	05	10	05
053	00004582	0	142	250	100	05	10	05
054	00004583	0	143	250	100	05	10	05
055	00004584	0	143	250	100	05	10	05
056	00004585	0	143	250	100	05	10	05
057	00004586	0	143	250	100	05	10	05
058	00004587	0	144	250	100	05	10	05
059	00004588	0	144	250	100	05	10	05
060	00004589	0	144	250	100	05	10	05
061	00008660	0	145	250	100	05	10	05
062	00008659	0	145	250	100	05	10	05
063	00008658	0	145	250	100	05	10	05
064	00008657	0	145	250	100	05	10	05
065	00008656	0	145	250	100	05	10	05
066	00008655	0	146	250	100	05	10	13
067	00008654	0	146	250	100	05	10	13
068	00008653	0	146	250	100	05	10	13
069	00070001	0	145	250	100	05	10	99
070	00070002	0	146	250	100	05	10	99


LGM
129	00001602	0
130	00001570	0
131	00001604	0
132	00001605	0
133	00001606	0
134	00001607	0
135	00001608	0
136	00001609	0
137	00001610	0
138	00001611	0
139	00001612	0
140	00001613	0
141	00001614	0
142	00001615	0
143	00001616	0
144	00001617	0
145	00070000	0
146	00070001	0


SCM
004
USM
001	00004590	0	129	250	100	05	10	06
002	00004591	0	129	250	100	05	10	06
003	00004592	0	129	250	100	05	10	06
004	00004593	0	129	250	100	05	10	06
005	00004594	0	130	250	100	05	10	06
006	00004721	0	130	250	100	05	10	06
007	00004595	0	131	250	100	05	10	06
008	00004596	0	131	250	100	05	10	06
009	00004597	0	131	250	100	05	10	06
010	00004598	0	131	250	100	05	10	06
011	00004599	0	132	250	100	05	10	06
012	00004600	0	132	250	100	05	10	06
013	00004601	0	132	250	100	05	10	06
014	00004602	0	133	250	100	05	10	06
015	00004603	0	133	250	100	05	10	06
016	00004604	0	133	250	100	05	10	06
017	00004605	0	134	250	100	05	10	06
018	00008641	0	134	250	100	05	10	06
019	00004606	0	135	250	100	05	10	07
020	00004607	0	135	250	100	05	10	07
021	00004608	0	135	250	100	05	10	07
022	00004609	0	135	250	100	05	10	07
023	00004610	0	136	250	100	05	10	07
024	00004611	0	136	250	100	05	10	07
025	00004612	0	136	250	100	05	10	07
026	00004613	0	137	250	100	05	10	07
027	00004614	0	137	250	100	05	10	07
028	00004615	0	137	250	100	05	10	07
029	00004616	0	137	250	100	05	10	07
030	00004617	0	137	250	100	05	10	07
031	00004618	0	138	250	100	05	10	09
032	00004619	0	138	250	100	05	10	09
033	00004620	0	138	250	100	05	10	09
034	00004621	0	138	250	100	05	10	09
035	00004622	0	138	250	100	05	10	09
036	00004623	0	139	250	100	05	10	09
037	00004624	0	139	250	100	05	10	09
038	00004625	0	139	250	100	05	10	09
039	00004626	0	140	250	100	05	10	09
040	00004627	0	140	250	100	05	10	09
041	00004628	0	140	250	100	05	10	09
042	00004629	0	140	250	100	05	10	09
043	00004630	0	141	250	100	05	10	09
044	00004631	0	141	250	100	05	10	09
045	00004632	0	141	250	100	05	10	09
046	00008642	0	142	250	100	05	10	09
047	00004633	0	142	250	100	05	10	08
048	00004634	0	143	250	100	05	10	08
049	00004635	0	143	250	100	05	10	08
050	00004636	0	143	250	100	05	10	08
051	00004637	0	144	250	100	05	10	08
052	00004638	0	144	250	100	05	10	08
053	00004639	0	144	250	100	05	10	08
054	00004640	0	145	250	100	05	10	08
055	00004641	0	145	250	100	05	10	08
056	00004642	0	145	250	100	05	10	08
057	00004643	0	145	250	100	05	10	08
058	00004720	0	146	250	100	05	10	08
059	00004644	0	146	250	100	05	10	08
060	00004645	0	147	250	100	05	10	08
061	00004646	0	147	250	100	05	10	08
062	00004647	0	147	250	100	05	10	08
063	00004648	0	147	250	100	05	10	08
064	00070000	0	148	250	100	05	10	99
065	00070001	0	148	250	100	05	10	99
066	00070002	0	149	250	100	05	10	99


LGM
129	00001618	0
130	00001654	0
131	00001619	0
132	00001620	0
133	00001621	0
134	00000304	0
135	00001622	0
136	00001623	0
137	00001624	0
138	00001625	0
139	00001626	0
140	00001627	0
141	00001628	0
142	00000305	0
143	00000313	0
144	00001630	0
145	00001631	0
146	00001650	0
147	00001632	0
148	00070000	0
149	00070001	0
150	00070002	0



SCM
005
USM
001	00004649	0	129	250	100	05	10	08
002	00004650	0	129	250	100	05	10	08
003	00004651	0	129	250	100	05	10	08
004	00004652	0	129	250	100	05	10	08
005	00004707	0	129	250	100	05	10	08
006	00004708	0	129	250	100	05	10	08
007	00004709	0	129	250	100	05	10	08
008	00004655	0	130	250	100	05	10	08
009	00004656	0	130	250	100	05	10	08
010	00004657	0	130	250	100	05	10	08
011	00004658	0	130	250	100	05	10	08
012	00004659	0	131	250	100	05	10	08
013	00004660	0	131	250	100	05	10	08
014	00004661	0	131	250	100	05	10	08
015	00004662	0	132	250	100	05	10	08
016	00004663	0	132	250	100	05	10	08
017	00004664	0	132	250	100	05	10	08
018	00004665	0	133	250	100	05	10	08
019	00008643	0	133	250	100	05	10	08
020	00004666	0	134	250	100	05	10	09
021	00004667	0	134	250	100	05	10	09
022	00004668	0	134	250	100	05	10	09
023	00004669	0	135	250	100	05	10	09
024	00004670	0	135	250	100	05	10	09
025	00004671	0	135	250	100	05	10	09
026	00004672	0	135	250	100	05	10	09
027	00004673	0	136	250	100	05	10	09
028	00004674	0	136	250	100	05	10	09
029	00004675	0	136	250	100	05	10	09
030	00004676	0	137	250	100	05	10	09
031	00004677	0	137	250	100	05	10	09
032	00004678	0	137	250	100	05	10	09
033	00004679	0	137	250	100	05	10	09
034	00004680	0	137	250	100	05	10	09
035	00004681	0	138	250	100	05	10	11
036	00004682	0	138	250	100	05	10	11
037	00004683	0	138	250	100	05	10	11
038	00004684	0	138	250	100	05	10	11
039	00004685	0	138	250	100	05	10	11
040	00004686	0	139	250	100	05	10	11
041	00004687	0	139	250	100	05	10	11
042	00004688	0	139	250	100	05	10	11
043	00004689	0	140	250	100	05	10	11
044	00004690	0	140	250	100	05	10	11
045	00004691	0	140	250	100	05	10	11
046	00004692	0	140	250	100	05	10	11
047	00004693	0	141	250	100	05	10	11
048	00004694	0	141	250	100	05	10	11
049	00004695	0	141	250	100	05	10	11
050	00008644	0	142	250	100	05	10	11
051	00004696	0	142	250	100	05	10	10
052	00004697	0	143	250	100	05	10	10
053	00004698	0	143	250	100	05	10	10
054	00004699	0	143	250	100	05	10	10
055	00004700	0	144	250	100	05	10	10
056	00004701	0	144	250	100	05	10	10
057	00004702	0	144	250	100	05	10	10
058	00004703	0	145	250	100	05	10	10
059	00004704	0	145	250	100	05	10	10
060	00004705	0	145	250	100	05	10	10
061	00004706	0	145	250	100	05	10	10
062	00004710	0	146	250	100	05	10	10
063	00008622	0	146	250	100	05	10	10
064	00004654	0	146	250	100	05	10	10
065	00004712	0	147	250	100	05	10	10
066	00004713	0	147	250	100	05	10	10
067	00004714	0	147	250	100	05	10	10
068	00004715	0	147	250	100	05	10	10
069	00004716	0	148	250	100	05	10	10
070	00004717	0	148	250	100	05	10	11
071	00004718	0	148	250	100	05	10	11
072	00004719	0	148	250	100	05	10	11
073	00070000	0	149	250	100	05	10	99
074	00070001	0	150	250	100	05	10	99


LGM
129	00001633	0
130	00001635	0
131	00001636	0
132	00001637	0
133	00000309	0
134	00001638	0
135	00001639	0
136	00001640	0
137	00001641	0
138	00001642	0
139	00001643	0
140	00001644	0
141	00000314	0
142	00000310	0
143	00001646	0
144	00001647	0
145	00001648	0
146	00001634	0
147	00001651	0
148	00001652	0
149	00070000	0
150	00070001	0


SCM
006
USM
001	00004726	0	129	250	100	05	10	13
002	00004727	0	129	250	100	05	10	13
003	00004728	0	130	250	100	05	10	13
004	00004729	0	130	250	100	05	10	13
005	00004730	0	131	250	100	05	10	13
006	00004731	0	131	250	100	05	10	13
007	00004732	0	131	250	100	05	10	13
008	00004733	0	131	250	100	05	10	13
009	00004734	0	131	250	100	05	10	13
010	00004735	0	132	250	100	05	10	13
011	00004736	0	132	250	100	05	10	13
012	00004737	0	132	250	100	05	10	13
013	00004738	0	133	250	100	05	10	13
014	00004739	0	133	250	100	05	10	13
015	00004740	0	133	250	100	05	10	13
016	00004741	0	133	250	100	05	10	13
017	00004742	0	134	250	100	05	10	13
018	00004743	0	134	250	100	05	10	13
019	00004744	0	134	250	100	05	10	13
020	00004745	0	135	250	100	05	10	13
021	00004746	0	135	250	100	05	10	13
022	00004747	0	135	250	100	05	10	13
023	00004748	0	136	250	100	05	10	13
024	00004749	0	136	250	100	05	10	13
025	00004750	0	136	250	100	05	10	13
026	00004751	0	137	250	100	05	10	13
027	00004752	0	137	250	100	05	10	13
028	00004753	0	137	250	100	05	10	13
029	00004754	0	138	250	100	05	10	13
030	00004755	0	138	250	100	05	10	13
031	00004756	0	138	250	100	05	10	13
032	00004757	0	138	250	100	05	10	13
033	00004758	0	139	250	100	05	10	13
034	00004759	0	139	250	100	05	10	13
035	00004760	0	139	250	100	05	10	13
036	00004761	0	140	250	100	05	10	13
037	00004762	0	140	250	100	05	10	13
038	00004763	0	140	250	100	05	10	13
039	00004764	0	140	250	100	05	10	13
040	00004725	0	140	250	100	05	10	13
041	00008652	0	141	250	100	05	10	13
042	00004765	0	141	250	100	05	10	13
043	00004766	0	141	250	100	05	10	13
044	00004767	0	141	250	100	05	10	13
045	00004768	0	141	250	100	05	10	13
046	00004769	0	142	250	100	05	10	13
047	00004770	0	142	250	100	05	10	13
048	00004771	0	142	250	100	05	10	13
049	00004772	0	143	250	100	05	10	13
050	00004773	0	143	250	100	05	10	13
051	00004774	0	143	250	100	05	10	13
052	00004775	0	143	250	100	05	10	13
053	00004776	0	144	250	100	05	10	13
054	00004777	0	144	250	100	05	10	13
055	00004778	0	144	250	100	05	10	13
056	00004779	0	145	250	100	05	10	13
057	00004780	0	145	250	100	05	10	13
058	00004781	0	145	250	100	05	10	13
059	00004782	0	146	250	100	05	10	13
060	00004783	0	146	250	100	05	10	13
061	00004784	0	146	250	100	05	10	13
062	00004785	0	147	250	100	05	10	13
063	00004786	0	147	250	100	05	10	13
064	00004787	0	147	250	100	05	10	13
065	00004788	0	148	250	100	05	10	13
066	00004789	0	148	250	100	05	10	13
067	00004790	0	148	250	100	05	10	13
068	00004791	0	148	250	100	05	10	13
069	00004792	0	149	250	100	05	10	13
070	00004793	0	149	250	100	05	10	13
071	00004794	0	149	250	100	05	10	13
072	00008651	0	149	250	100	05	10	13
073	00008650	0	149	250	100	05	10	13
074	00070000	0	150	250	100	05	10	99
075	00070001	0	150	250	100	05	10	99


LGM
129	00001655	0
130	00001656	0
131	00001657	0
132	00001658	0
133	00001659	0
134	00001660	0
135	00001661	0
136	00001662	0
137	00001663	0
138	00001664	0
139	00001665	0
140	00001666	0
141	00001667	0
142	00001668	0
143	00001669	0
144	00001670	0
145	00001551	0
146	00001552	0
147	00001553	0
148	00001554	0
149	00001555	0
150	00070000	0
151	00070001	0
152	00070002	0
