SCM								
001								
USM								
001	00003636	0	129	250	110	10	03	1
002	00003637	0	129	250	110	10	03	1
003	00003638	0	129	250	110	10	03	1
004	00003639	0	130	250	110	10	03	1
005	00003640	0	130	250	110	10	03	1
006	00003641	0	130	250	110	10	03	1
007	00003642	0	131	250	110	10	03	1
008	00003643	0	131	250	110	10	03	1
009	00003644	0	131	250	110	10	03	1
010	00003645	0	132	250	110	10	03	1
011	00003646	0	132	250	110	10	03	1
012	00003647	0	132	250	110	10	03	1
013	00003648	0	133	250	110	10	03	1
014	00003649	0	133	250	110	10	03	1
015	00003650	0	134	250	110	10	03	1
016	00003651	0	134	250	110	10	03	1
017	00003652	0	134	250	110	10	03	1
018	00003653	0	134	250	110	10	03	1
019	00003654	0	135	250	110	10	03	1
020	00003655	0	135	250	110	10	03	1
021	00003656	0	135	250	110	10	03	1
022	00003657	0	136	250	110	10	03	1
023	00003658	5	136	250	110	10	03	1
024	00003659	5	136	250	110	10	03	1
025	00003660	0	136	250	110	10	03	1
026	00003661	0	137	250	110	10	03	1
027	00003662	0	137	250	110	10	03	1
028	00003663	5	138	250	110	10	03	1
029	00003664	5	138	250	110	10	03	1
030	00003665	0	138	250	110	10	03	1
031	00003666	0	139	250	110	10	03	1
032	00003667	0	139	250	110	10	03	1
033	00003668	0	140	250	110	10	03	1
034	00003669	0	140	250	110	10	03	1
035	00003670	0	141	250	110	10	03	1
036	00003671	0	141	250	110	10	03	1
037	00003672	0	142	250	110	10	03	1
038	00003673	0	142	250	110	10	03	1
039	00003674	0	143	250	110	10	03	1
040	00003675	0	143	250	110	10	03	1
041	00003676	0	143	250	110	10	03	1
042	00003677	0	144	250	110	10	03	1
043	00003678	0	144	250	110	10	03	1
044	00003679	0	144	250	110	10	03	1
045	00003680	0	145	250	110	10	03	1
046	00003681	0	145	250	110	10	03	1
047	00003682	0	145	250	110	10	03	1
048	00003683	0	146	250	110	10	03	1
049	00003684	0	146	250	110	10	03	1
050	00003685	0	146	250	110	10	03	1
051	00003686	0	147	250	110	10	03	1
052	00003687	0	147	250	110	10	03	1
053	00003688	0	147	250	110	10	03	1
054	00003689	0	148	250	110	10	03	1
055	00003690	0	148	250	110	10	03	1
056	00003691	0	148	250	110	10	03	1
057	00070000	0	149	250	110	10	03	99
058	00070001	0	149	250	110	10	03	99
								
LGM								
129	00000321	0						
130	00000322	0						
131	00000323	0						
132	00000324	0						
133	00000325	0						
134	00000326	0						
135	00000327	0						
136	00000328	0						
137	00000329	0						
138	00000330	0						
139	00000331	0						
140	00000332	0						
141	00000333	0						
142	00000334	0						
143	00000335	0						
144	00000336	0						
145	00000337	0						
146	00000338	0						
147	00000339	0						
148	00000340	0						
149	00070000	0						
150	00070001	0						
								
SCM								
002								
USM								
001	00003692	0	129	250	110	10	03	1
002	00003693	0	129	250	110	10	03	1
003	00003694	0	129	250	110	10	03	1
004	00003695	0	129	250	110	10	03	1
005	00003696	0	130	250	110	10	03	1
006	00003697	0	130	250	110	10	03	1
007	00003698	0	131	250	110	10	03	1
008	00003699	0	131	250	110	10	03	1
009	00003700	0	131	250	110	10	03	1
010	00003701	0	132	250	110	10	03	1
011	00003702	0	132	250	110	10	03	1
012	00003703	0	133	250	110	10	03	1
013	00003704	0	133	250	110	10	03	1
014	00003705	0	134	250	110	10	03	1
015	00003706	0	134	250	110	10	03	1
016	00003707	0	134	250	110	10	03	1
017	00003708	0	135	250	110	10	03	1
018	00003709	0	135	250	110	10	03	1
019	00003710	0	135	250	110	10	03	1
020	00003711	0	136	250	110	10	03	1
021	00003712	0	136	250	110	10	03	1
022	00003713	0	136	250	110	10	03	1
023	00003714	5	137	250	110	10	03	1
024	00003715	5	137	250	110	10	03	1
025	00003716	0	137	250	110	10	03	1
026	00003717	0	137	250	110	10	03	1
027	00003718	0	138	250	110	10	03	1
028	00003719	5	138	250	110	10	03	1
029	00003720	5	138	250	110	10	03	1
030	00003721	0	139	250	110	10	03	1
031	00003722	0	139	250	110	10	03	1
032	00003723	0	139	250	110	10	03	1
033	00003724	0	140	250	110	10	03	1
034	00003725	0	140	250	110	10	03	1
035	00003726	0	141	250	110	10	03	1
036	00003727	0	141	250	110	10	03	1
037	00003728	0	141	250	110	10	03	1
038	00003729	0	141	250	110	10	03	1
039	00003730	0	142	250	110	10	03	1
040	00003731	0	142	250	110	10	03	1
041	00003732	0	142	250	110	10	03	1
042	00003733	0	143	250	110	10	03	1
043	00003734	0	143	250	110	10	03	1
044	00003735	0	143	250	110	10	03	1
045	00003736	0	144	250	110	10	03	1
046	00003737	0	144	250	110	10	03	1
047	00003738	0	144	250	110	10	03	1
048	00003739	0	144	250	110	10	03	1
049	00003740	0	144	250	110	10	03	1
050	00003741	0	145	250	110	10	03	1
051	00003742	0	145	250	110	10	03	1
052	00003743	0	145	250	110	10	03	1
053	00003744	0	145	250	110	10	03	1
054	00003745	0	145	250	110	10	03	1
055	00003746	0	146	250	110	10	03	1
056	00003747	0	146	250	110	10	03	1
057	00003748	0	146	250	110	10	03	1
058	00003749	0	147	250	110	10	03	1
059	00003750	0	147	250	110	10	03	1
060	00003623	0	147	250	110	10	03	1
061	00070000	0	148	250	110	10	03	99
062	00070001	0	148	250	110	10	03	99
								
								
								
LGM								
129	00000341	0						
130	00000342	0						
131	00000343	0						
132	00000344	0						
133	00000345	0						
134	00000346	0						
135	00000347	0						
136	00000348	0						
137	00000316	0						
138	00000350	0						
139	00000351	0						
140	00001560	0						
141	00000353	0						
142	00000354	0						
143	00000355	0						
144	00000356	0						
145	00000357	0						
146	00000358	0						
147	00000359	0						
148	00070000	0						
149	00070001	0						
150	00070002	0						
								
								
								
SCM								
003								
USM								
001	00003752	0	134	250	110	10	03	1
002	00003753	0	129	250	110	10	03	1
003	00003754	0	129	250	110	10	03	1
004	00003755	0	129	250	110	10	03	1
005	00003756	0	130	250	110	10	03	1
006	00003757	0	130	250	110	10	03	1
007	00003758	0	130	250	110	10	03	1
008	00003759	0	131	250	110	10	03	1
009	00003760	0	131	250	110	10	03	1
010	00003761	0	131	250	110	10	03	1
011	00003762	0	132	250	110	10	03	1
012	00003763	0	132	250	110	10	03	1
013	00003764	0	132	250	110	10	03	1
014	00003765	0	132	250	110	10	03	1
015	00003766	0	133	250	110	10	03	1
016	00003767	0	133	250	110	10	03	1
017	00003768	0	133	250	110	10	03	1
018	00003769	0	134	250	110	10	03	1
019	00003770	0	134	250	110	10	03	1
020	00003771	0	134	250	110	10	03	1
021	00003772	0	135	250	110	10	03	1
022	00003773	0	135	250	110	10	03	1
023	00003774	0	135	250	110	10	03	1
024	00003775	0	136	250	110	10	03	1
025	00003776	0	136	250	110	10	03	1
026	00003777	0	136	250	110	10	03	1
027	00003778	0	137	250	110	10	03	1
028	00003779	0	137	250	110	10	03	1
029	00003780	0	137	250	110	10	03	1
030	00003781	0	138	250	110	10	03	1
031	00003782	0	138	250	110	10	03	1
032	00003783	0	138	250	110	10	03	1
033	00003784	0	139	250	110	10	03	1
034	00003785	0	139	250	110	10	03	1
035	00003786	0	139	250	110	10	03	1
036	00003787	0	140	250	110	10	03	1
037	00003788	0	140	250	110	10	03	1
038	00003789	0	140	250	110	10	03	1
039	00003790	0	141	250	110	10	03	1
040	00003791	0	141	250	110	10	03	1
041	00003792	0	141	250	110	10	03	1
042	00003793	0	142	250	110	10	03	1
043	00003794	0	142	250	110	10	03	1
044	00003795	0	142	250	110	10	03	1
045	00003796	0	143	250	110	10	03	1
046	00003797	0	143	250	110	10	03	1
047	00003798	0	143	250	110	10	03	1
048	00003799	0	144	250	110	10	03	1
049	00003800	0	144	250	110	10	03	1
050	00003801	0	144	250	110	10	03	1
051	00003802	0	145	250	110	10	03	1
052	00003803	0	145	250	110	10	03	1
053	00003804	0	145	250	110	10	03	1
054	00003805	0	146	250	110	10	03	1
055	00003806	0	146	250	110	10	03	1
056	00003807	0	146	250	110	10	03	1
057	00003808	0	146	250	110	10	03	1
058	00070000	0	147	250	110	10	03	99
059	00070001	0	147	250	110	10	03	99
060	00070002	0	147	250	110	10	03	99
								
								
								
								
								
LGM								
129	00000360	0						
130	00000361	0						
131	00000362	0						
132	00000363	0						
133	00000364	0						
134	00000365	0						
135	00000366	0						
136	00000367	0						
137	00000368	0						
138	00000369	0						
139	00000370	0						
140	00000371	0						
141	00000372	0						
142	00000373	0						
143	00000374	0						
144	00000375	0						
145	00000376	0						
146	00000377	0						
147	00070001	0						
148	00070002	0						
								
								
								
								
SCM								
004								
USM								
001	00003809	0	129	250	110	10	03	1
002	00003810	0	129	250	110	10	03	1
003	00003811	0	129	250	110	10	03	1
004	00003812	0	130	250	110	10	03	1
005	00003813	0	130	250	110	10	03	1
006	00003814	0	130	250	110	10	03	1
007	00003815	0	131	250	110	10	03	1
008	00003816	0	131	250	110	10	03	1
009	00003817	0	131	250	110	10	03	1
010	00003818	0	132	250	110	10	03	1
011	00003819	0	132	250	110	10	03	1
012	00003820	0	132	250	110	10	03	1
013	00003821	0	133	250	110	10	03	1
014	00003822	0	133	250	110	10	03	1
015	00003823	0	133	250	110	10	03	1
016	00003824	0	134	250	110	10	03	1
017	00003825	0	134	250	110	10	03	1
018	00003826	0	134	250	110	10	03	1
019	00003827	0	135	250	110	10	03	1
020	00003828	0	135	250	110	10	03	1
021	00003829	0	136	250	110	10	03	1
022	00003830	0	136	250	110	10	03	1
023	00003831	0	137	250	110	10	03	1
024	00003832	0	137	250	110	10	03	1
025	00003833	0	138	250	110	10	03	1
026	00003834	0	138	250	110	10	03	1
027	00003835	0	139	250	110	10	03	1
028	00003836	0	139	250	110	10	03	1
029	00003837	0	139	250	110	10	03	1
030	00003838	0	140	250	110	10	03	1
031	00003839	0	140	250	110	10	03	1
032	00003840	0	140	250	110	10	03	1
033	00003841	0	141	250	110	10	03	1
034	00003842	0	141	250	110	10	03	1
035	00003843	0	141	250	110	10	03	1
036	00003844	0	142	250	110	10	03	1
037	00003845	0	142	250	110	10	03	1
038	00003846	0	142	250	110	10	03	1
039	00003847	0	143	250	110	10	03	1
040	00003848	0	143	250	110	10	03	1
041	00003849	0	143	250	110	10	03	1
042	00003850	0	144	250	110	10	03	1
043	00003851	0	144	250	110	10	03	1
044	00003852	0	144	250	110	10	03	1
045	00003853	0	145	250	110	10	03	1
046	00003854	0	145	250	110	10	03	1
047	00003855	0	145	250	110	10	03	1
048	00003856	0	146	250	110	10	03	1
049	00003857	0	146	250	110	10	03	1
050	00003858	0	146	250	110	10	03	1
051	00003859	0	147	250	110	10	03	1
052	00003860	0	147	250	110	10	03	1
053	00003861	0	147	250	110	10	03	1
054	00003862	0	148	250	110	10	03	1
055	00003863	0	148	250	110	10	03	1
056	00002202	0	148	250	110	10	03	1
057	00003865	0	149	250	110	10	03	1
058	00003866	0	149	250	110	10	03	1
059	00003867	0	149	250	110	10	03	1
060	00070000	0	150	250	110	10	03	99
061	00070001	0	150	250	110	10	03	99
062	00070002	0	150	250	110	10	03	99
								
								
								
								
								
LGM								
129	00000378	0						
130	00000379	0						
131	00000380	0						
132	00000381	0						
133	00000382	0						
134	00000317	0						
135	00000384	0						
136	00000385	0						
137	00000386	0						
138	00000387	0						
139	00000388	0						
140	00000389	0						
141	00000390	0						
142	00000391	0						
143	00000392	0						
144	00000393	0						
145	00000394	0						
146	00000395	0						
147	00000396	0						
148	00000397	0						
149	00000398	0						
150	00070000	0						
151	00070001	0						
152	00070002	0						
								
								
								
								
								
SCM								
005								
USM								
001	00003868	0	129	250	110	10	03	1
002	00003869	0	129	250	110	10	03	1
003	00003870	0	129	250	110	10	03	1
004	00003871	0	130	250	110	10	03	1
005	00003872	0	130	250	110	10	03	1
006	00003873	0	130	250	110	10	03	1
007	00003874	0	131	250	110	10	03	1
008	00003875	0	131	250	110	10	03	1
009	00003876	0	131	250	110	10	03	1
010	00003877	0	132	250	110	10	03	1
011	00003878	0	132	250	110	10	03	1
012	00003879	0	132	250	110	10	03	1
013	00003880	0	133	250	110	10	03	1
014	00003881	0	133	250	110	10	03	1
015	00003882	0	133	250	110	10	03	1
016	00003883	0	134	250	110	10	03	1
017	00003884	0	134	250	110	10	03	1
018	00003885	0	135	250	110	10	03	1
019	00003886	0	135	250	110	10	03	1
020	00003887	0	136	250	110	10	03	1
021	00003888	0	136	250	110	10	03	1
022	00003889	0	136	250	110	10	03	1
023	00003890	0	137	250	110	10	03	1
024	00003891	0	137	250	110	10	03	1
025	00003892	0	137	250	110	10	03	1
026	00003893	0	138	250	110	10	03	1
027	00003894	0	138	250	110	10	03	1
028	00003895	0	138	250	110	10	03	1
029	00003896	0	139	250	110	10	03	1
030	00003897	0	139	250	110	10	03	1
031	00003898	0	139	250	110	10	03	1
032	00003899	0	140	250	110	10	03	1
033	00003900	0	140	250	110	10	03	1
034	00003901	0	140	250	110	10	03	1
035	00003902	0	141	250	110	10	03	1
036	00003903	0	141	250	110	10	03	1
037	00003904	0	141	250	110	10	03	1
038	00003905	0	142	250	110	10	03	1
039	00003906	0	142	250	110	10	03	1
040	00003907	0	142	250	110	10	03	1
041	00003908	0	143	250	110	10	03	1
042	00003909	0	143	250	110	10	03	1
043	00003910	0	143	250	110	10	03	1
044	00003911	0	144	250	110	10	03	1
045	00003912	0	144	250	110	10	03	1
046	00003913	0	144	250	110	10	03	1
047	00003914	0	145	250	110	10	03	1
048	00003915	0	145	250	110	10	03	1
049	00003916	0	145	250	110	10	03	1
050	00003917	0	146	250	110	10	03	1
051	00003918	0	146	250	110	10	03	1
052	00003919	0	146	250	110	10	03	1
053	00003920	0	147	250	110	10	03	1
054	00003921	0	147	250	110	10	03	1
055	00003922	0	147	250	110	10	03	1
056	00003923	0	148	250	110	10	03	1
057	00003924	0	148	250	110	10	03	1
058	00003925	0	149	250	110	10	03	1
059	00003926	0	149	250	110	10	03	1
060	00070000	0	150	250	110	10	03	99
061	00070001	0	150	250	110	10	03	99
062	00070002	0	150	250	110	10	03	99
								
								
								
								
								
LGM								
129	00000399	0						
130	00000400	0						
131	00000401	0						
132	00000402	0						
133	00000403	0						
134	00000404	0						
135	00000405	0						
136	00000406	0						
137	00000407	0						
138	00000408	0						
139	00000409	0						
140	00000410	0						
141	00000411	0						
142	00000412	0						
143	00001561	0						
144	00000414	0						
145	00000415	0						
146	00000416	0						
147	00000417	0						
148	00000418	0						
149	00000419	0						
150	00070000	0						
151	00070001	0						
152	00070002	0						
								
								
								
								
								
								
SCM								
006								
USM								
001	00003927	0	129	250	110	10	03	1
002	00003928	0	129	250	110	10	03	1
003	00003929	0	130	250	110	10	03	1
004	00003930	0	130	250	110	10	03	1
005	00003931	0	131	250	110	10	03	1
006	00003932	0	131	250	110	10	03	1
007	00003933	0	131	250	110	10	03	1
008	00003934	0	132	250	110	10	03	1
009	00003935	0	132	250	110	10	03	1
010	00003936	0	132	250	110	10	03	1
011	00003937	0	133	250	110	10	03	1
012	00003938	0	133	250	110	10	03	1
013	00003939	0	133	250	110	10	03	1
014	00003940	0	134	250	110	10	03	1
015	00003941	0	134	250	110	10	03	1
016	00003942	0	134	250	110	10	03	1
017	00003943	0	135	250	110	10	03	1
018	00003944	0	135	250	110	10	03	1
019	00003945	0	135	250	110	10	03	1
020	00003946	0	136	250	110	10	03	1
021	00003947	0	136	250	110	10	03	1
022	00003948	0	136	250	110	10	03	1
023	00003949	0	137	250	110	10	03	1
024	00003950	0	137	250	110	10	03	1
025	00003951	0	137	250	110	10	03	1
026	00003952	0	138	250	110	10	03	1
027	00003953	0	138	250	110	10	03	1
028	00003954	0	139	250	110	10	03	1
029	00003955	0	139	250	110	10	03	1
030	00003956	0	140	250	110	10	03	1
031	00003957	0	140	250	110	10	03	1
032	00003958	0	140	250	110	10	03	1
033	00003959	0	140	250	110	10	03	1
034	00003960	0	141	250	110	10	03	1
035	00003961	0	141	250	110	10	03	1
036	00003962	0	142	250	110	10	03	1
037	00003963	0	142	250	110	10	03	1
038	00003964	0	143	250	110	10	03	1
039	00003965	0	143	250	110	10	03	1
040	00003966	0	143	250	110	10	03	1
041	00070000	0	144	250	110	10	03	99
042	00070001	0	144	250	110	10	03	99
								
								
								
								
								
LGM								
129	00000420	0						
130	00000121	0						
131	00000122	0						
132	00000123	0						
133	00000124	0						
134	00000125	0						
135	00000126	0						
136	00000127	0						
137	00000128	0						
138	00000129	0						
139	00000130	0						
140	00000131	0						
141	00000132	0						
142	00000133	0						
143	00000134	0						
144	00070000	0						
145	00070001	0						
146	00070002	0						
								
								
								
								
								
SCM								
007								
USM								
001	00003967	0	129	250	110	10	03	1
002	00003968	0	129	250	110	10	03	1
003	00003969	0	129	250	110	10	03	1
004	00003970	0	130	250	110	10	03	1
005	00003971	0	130	250	110	10	03	1
006	00003972	0	130	250	110	10	03	1
007	00003973	0	131	250	110	10	03	1
008	00003974	0	131	250	110	10	03	1
009	00003975	0	131	250	110	10	03	1
010	00003976	0	131	250	110	10	03	1
011	00003977	0	132	250	110	10	03	1
012	00003978	0	132	250	110	10	03	1
013	00003979	0	132	250	110	10	03	1
014	00003980	0	132	250	110	10	03	1
015	00003981	0	133	250	110	10	03	1
016	00003982	0	133	250	110	10	03	1
017	00003983	0	133	250	110	10	03	1
018	00003984	0	134	250	110	10	03	1
019	00003985	0	134	250	110	10	03	1
020	00003986	0	134	250	110	10	03	1
021	00003987	0	135	250	110	10	03	1
022	00003988	0	135	250	110	10	03	1
023	00003989	0	135	250	110	10	03	1
024	00003990	0	135	250	110	10	03	1
025	00003991	0	136	250	110	10	03	1
026	00003992	0	136	250	110	10	03	1
027	00003993	0	136	250	110	10	03	1
028	00003994	0	136	250	110	10	03	1
029	00003995	0	137	250	110	10	03	1
030	00003996	0	137	250	110	10	03	1
031	00003997	0	138	250	110	10	03	1
032	00003998	0	138	250	110	10	03	1
033	00003999	0	138	250	110	10	03	1
034	00004000	0	139	250	110	10	03	1
035	00004001	0	139	250	110	10	03	1
036	00000274	0	140	250	110	10	03	1
037	00004003	0	140	250	110	10	03	1
038	00004004	0	140	250	110	10	03	1
039	00004005	0	141	250	110	10	03	1
040	00004006	0	141	250	110	10	03	1
041	00004007	0	141	250	110	10	03	1
042	00004008	0	142	250	110	10	03	1
043	00002613	0	142	250	110	10	03	1
044	00004010	0	142	250	110	10	03	1
045	00004011	0	143	250	110	10	03	1
046	00004012	0	143	250	110	10	03	1
047	00004013	0	143	250	110	10	03	1
048	00004014	0	144	250	110	10	03	1
049	00004015	0	144	250	110	10	03	1
050	00004016	0	144	250	110	10	03	1
051	00004017	0	145	250	110	10	03	1
052	00004018	0	145	250	110	10	03	1
053	00004019	0	145	250	110	10	03	1
054	00070000	0	146	250	110	10	03	1
055	00070001	0	146	250	110	10	03	99
056	00070001	0	146	250	110	10	03	99
								
								
								
								
								
LGM								
129	00000135	0						
130	00000136	0						
131	00000137	0						
132	00000138	0						
133	00000139	0						
134	00000140	0						
135	00000141	0						
136	00000142	0						
137	00000143	0						
138	00000144	0						
139	00000145	0						
140	00000146	0						
141	00000147	0						
142	00000148	0						
143	00000149	0						
144	00000150	0						
145	00000151	0						
146	00070000	0						
147	00070001	0						
148	00070002	0						
								
								
								
								
								
								
								
								
SCM								
008								
USM								
001	00004125	0	129	250	110	10	03	1
002	00004126	0	129	250	110	10	03	1
003	00004127	0	129	250	110	10	03	1
004	00004128	0	129	250	110	10	03	1
005	00003621	0	130	250	110	10	03	1
006	00004130	0	130	250	110	10	03	1
007	00004131	0	131	250	110	10	03	1
008	00004132	0	131	250	110	10	03	1
009	00004133	0	131	250	110	10	03	1
010	00004134	0	132	250	110	10	03	1
011	00004135	0	132	250	110	10	03	1
012	00004136	0	132	250	110	10	03	1
013	00004137	0	133	250	110	10	03	1
014	00004138	0	133	250	110	10	03	1
015	00004139	0	133	250	110	10	03	1
016	00004140	0	134	250	110	10	03	1
017	00004141	0	134	250	110	10	03	1
018	00004142	0	135	250	110	10	03	1
019	00004143	0	135	250	110	10	03	1
020	00004144	0	136	250	110	10	03	1
021	00004145	0	136	250	110	10	03	1
022	00004146	0	136	250	110	10	03	1
023	00004147	0	137	250	110	10	03	1
024	00004148	0	137	250	110	10	03	1
025	00004149	0	137	250	110	10	03	1
026	00004150	0	138	250	110	10	03	1
027	00004151	0	138	250	110	10	03	1
028	00004152	0	138	250	110	10	03	1
029	00004153	0	139	250	110	10	03	1
030	00004154	0	139	250	110	10	03	1
031	00004155	0	139	250	110	10	03	1
032	00004156	0	140	250	110	10	03	1
033	00004157	0	140	250	110	10	03	1
034	00004158	0	140	250	110	10	03	1
035	00004159	0	141	250	110	10	03	1
036	00004160	0	141	250	110	10	03	1
037	00004161	0	141	250	110	10	03	1
038	00004162	0	142	250	110	10	03	1
039	00004163	0	142	250	110	10	03	1
040	00004164	0	142	250	110	10	03	1
041	00004165	0	143	250	110	10	03	1
042	00004166	0	143	250	110	10	03	1
043	00004167	0	143	250	110	10	03	1
044	00004168	0	144	250	110	10	03	1
045	00004169	0	144	250	110	10	03	1
046	00004170	0	144	250	110	10	03	1
047	00004171	0	145	250	110	10	03	1
048	00004172	0	145	250	110	10	03	1
049	00004173	0	145	250	110	10	03	1
050	00004174	0	146	250	110	10	03	1
051	00004175	0	146	250	110	10	03	1
052	00004176	0	146	250	110	10	03	1
053	00004177	0	147	250	110	10	03	1
054	00004178	0	147	250	110	10	03	1
055	00004179	0	147	250	110	10	03	1
056	00004180	0	148	250	110	10	03	1
057	00004181	0	148	250	110	10	03	1
058	00004182	0	148	250	110	10	03	1
059	00004183	0	149	250	110	10	03	1
060	00004184	0	149	250	110	10	03	1
061	00004185	0	149	250	110	10	03	1
062	00070000	0	150	250	110	10	03	99
063	00070001	0	150	250	110	10	03	99
064	00070002	0	150	250	110	10	03	99
								
								
								
								
								
LGM								
129	00000188	0						
130	00000189	0						
131	00000190	0						
132	00000191	0						
133	00000192	0						
134	00000193	0						
135	00000194	0						
136	00000195	0						
137	00000196	0						
138	00000197	0						
139	00000198	0						
140	00000199	0						
141	00000200	0						
142	00002829	0						
143	00000202	0						
144	00000203	0						
145	00000204	0						
146	00000205	0						
147	00000206	0						
148	00000207	0						
149	00000208	0						
150	00070000	0						
151	00070001	0						
152	00070002	0						
								
								
								
								
SCM								
009								
USM								
001	00004186	0	129	250	110	10	03	1
002	00004187	0	129	250	110	10	03	1
003	00004188	0	129	250	110	10	03	1
004	00004189	0	130	250	110	10	03	1
005	00004190	0	130	250	110	10	03	1
006	00004191	0	130	250	110	10	03	1
007	00004192	0	131	250	110	10	03	1
008	00004193	0	131	250	110	10	03	1
009	00004194	0	131	250	110	10	03	1
010	00004195	0	132	250	110	10	03	1
011	00004196	0	132	250	110	10	03	1
012	00004197	0	132	250	110	10	03	1
013	00004198	0	133	250	110	10	03	1
014	00004199	0	133	250	110	10	03	1
015	00004200	0	133	250	110	10	03	1
016	00004201	0	134	250	110	10	03	1
017	00004202	0	134	250	110	10	03	1
018	00004203	0	134	250	110	10	03	1
019	00004204	0	135	250	110	10	03	1
020	00004205	0	135	250	110	10	03	1
021	00004206	0	135	250	110	10	03	1
022	00004207	0	136	250	110	10	03	1
023	00004208	0	136	250	110	10	03	1
024	00004209	0	136	250	110	10	03	1
025	00004210	0	137	250	110	10	03	1
026	00004211	0	137	250	110	10	03	1
027	00004212	0	137	250	110	10	03	1
028	00004213	0	138	250	110	10	03	1
029	00004214	0	138	250	110	10	03	1
030	00004215	0	138	250	110	10	03	1
031	00004216	0	139	250	110	10	03	1
032	00004217	0	139	250	110	10	03	1
033	00004218	0	139	250	110	10	03	1
034	00004219	0	140	250	110	10	03	1
035	00004220	0	140	250	110	10	03	1
036	00004221	0	140	250	110	10	03	1
037	00004222	0	141	250	110	10	03	1
038	00004223	0	141	250	110	10	03	1
039	00004224	0	141	250	110	10	03	1
040	00004225	0	142	250	110	10	03	1
041	00004226	0	142	250	110	10	03	1
042	00004227	0	142	250	110	10	03	1
043	00004228	0	143	250	110	10	03	1
044	00004229	0	143	250	110	10	03	1
045	00004230	0	144	250	110	10	03	1
046	00004231	0	144	250	110	10	03	1
047	00004232	0	145	250	110	10	03	1
048	00004233	0	145	250	110	10	03	1
049	00004234	0	145	250	110	10	03	1
050	00004235	0	145	250	110	10	03	1
051	00070000	0	146	250	110	10	03	99
052	00070001	0	146	250	110	10	03	99
								
								
								
								
								
LGM								
129	00000209	0						
130	00000210	0						
131	00000211	0						
132	00000212	0						
133	00000213	0						
134	00000214	0						
135	00000215	0						
136	00000216	0						
137	00000217	0						
138	00000218	0						
139	00000219	0						
140	00000220	0						
141	00000221	0						
142	00000222	0						
143	00000223	0						
144	00000224	0						
145	00000225	0						
146	00070001	0						
147	00070002	0						
148	00070003	0						
								
								
								
								
								
								
SCM								
010								
USM								
001	00004065	0	129	250	110	10	03	1
002	00004066	0	129	250	110	10	03	1
003	00000919	0	129	250	110	10	03	1
004	00004068	0	130	250	110	10	03	1
005	00004069	0	130	250	110	10	03	1
006	00004070	0	130	250	110	10	03	1
007	00004071	0	131	250	110	10	03	1
008	00004072	0	131	250	110	10	03	1
009	00004073	0	131	250	110	10	03	1
010	00004074	0	132	250	110	10	03	1
011	00004075	0	132	250	110	10	03	1
012	00004076	0	132	250	110	10	03	1
013	00004077	0	133	250	110	10	03	1
014	00004078	0	133	250	110	10	03	1
015	00004079	0	133	250	110	10	03	1
016	00004080	0	134	250	110	10	03	1
017	00004081	0	134	250	110	10	03	1
018	00004082	0	134	250	110	10	03	1
019	00004083	0	135	250	110	10	03	1
020	00004084	0	135	250	110	10	03	1
021	00004085	0	135	250	110	10	03	1
022	00004086	0	136	250	110	10	03	1
023	00004087	0	136	250	110	10	03	1
024	00004088	0	136	250	110	10	03	1
025	00004089	0	137	250	110	10	03	1
026	00004090	0	137	250	110	10	03	1
027	00004091	0	137	250	110	10	03	1
028	00004092	0	138	250	110	10	03	1
029	00004093	0	138	250	110	10	03	1
030	00004094	0	138	250	110	10	03	1
031	00004095	0	139	250	110	10	03	1
032	00004096	0	139	250	110	10	03	1
033	00004097	0	139	250	110	10	03	1
034	00004098	0	140	250	110	10	03	1
035	00004099	0	140	250	110	10	03	1
036	00004100	0	140	250	110	10	03	1
037	00004101	0	141	250	110	10	03	1
038	00004102	0	141	250	110	10	03	1
039	00004103	0	141	250	110	10	03	1
040	00004104	0	142	250	110	10	03	1
041	00004105	0	142	250	110	10	03	1
042	00004106	0	142	250	110	10	03	1
043	00004107	0	143	250	110	10	03	1
044	00004108	0	143	250	110	10	03	1
045	00004109	0	143	250	110	10	03	1
046	00004110	0	144	250	110	10	03	1
047	00004111	0	144	250	110	10	03	1
048	00004112	0	144	250	110	10	03	1
049	00004113	0	145	250	110	10	03	1
050	00004114	0	145	250	110	10	03	1
051	00004115	0	146	250	110	10	03	1
052	00004116	0	146	250	110	10	03	1
053	00004117	0	146	250	110	10	03	1
054	00004118	0	146	250	110	10	03	1
055	00004119	0	147	250	110	10	03	1
056	00004120	0	147	250	110	10	03	1
057	00004121	0	148	250	110	10	03	1
058	00004122	0	148	250	110	10	03	1
059	00004123	0	149	250	110	10	03	1
060	00004124	0	149	250	110	10	03	1
061	00070000	0	150	250	110	10	03	99
062	00070001	0	150	250	110	10	03	99
								
								
								
								
								
LGM								
129	00000167	0						
130	00000168	0						
131	00000169	0						
132	00000170	0						
133	00000171	0						
134	00000172	0						
135	00000173	0						
136	00000174	0						
137	00000175	0						
138	00000176	0						
139	00000177	0						
140	00000178	0						
141	00000179	0						
142	00000180	0						
143	00000181	0						
144	00000182	0						
145	00000183	0						
146	00000184	0						
147	00002828	0						
148	00000186	0						
149	00000187	0						
150	00070000	0						
151	00070001	0						
152	00070002	0						
								
								
								
								
								
								
SCM								
011								
USM								
001	00004020	0	129	250	110	10	03	1
002	00004021	0	129	250	110	10	03	1
003	00004022	0	129	250	110	10	03	1
004	00004023	0	130	250	110	10	03	1
005	00004024	0	130	250	110	10	03	1
006	00004025	0	130	250	110	10	03	1
007	00004026	0	131	250	110	10	03	1
008	00004027	0	131	250	110	10	03	1
009	00004028	0	131	250	110	10	03	1
010	00004029	0	132	250	110	10	03	1
011	00004030	0	132	250	110	10	03	1
012	00004031	0	132	250	110	10	03	1
013	00004032	0	133	250	110	10	03	1
014	00004033	0	133	250	110	10	03	1
015	00004034	0	133	250	110	10	03	1
016	00004035	0	134	250	110	10	03	1
017	00004036	0	134	250	110	10	03	1
018	00004037	0	134	250	110	10	03	1
019	00004038	0	135	250	110	10	03	1
020	00004039	0	135	250	110	10	03	1
021	00004040	0	135	250	110	10	03	1
022	00004041	0	136	250	110	10	03	1
023	00004042	0	136	250	110	10	03	1
024	00004043	0	136	250	110	10	03	1
025	00004044	0	137	250	110	10	03	1
026	00004045	0	137	250	110	10	03	1
027	00004046	0	137	250	110	10	03	1
028	00004047	0	138	250	110	10	03	1
029	00004048	0	138	250	110	10	03	1
030	00004049	0	138	250	110	10	03	1
031	00004050	0	139	250	110	10	03	1
032	00004051	0	139	250	110	10	03	1
033	00004052	0	139	250	110	10	03	1
034	00004053	0	140	250	110	10	03	1
035	00004054	0	140	250	110	10	03	1
036	00004055	0	140	250	110	10	03	1
037	00004056	0	141	250	110	10	03	1
038	00004057	0	141	250	110	10	03	1
039	00004058	0	141	250	110	10	03	1
040	00004059	0	142	250	110	10	03	1
041	00004060	0	142	250	110	10	03	1
042	00004061	0	142	250	110	10	03	1
043	00004062	0	143	250	110	10	03	1
044	00004063	0	143	250	110	10	03	1
045	00004064	0	143	250	110	10	03	1
046	00070000	0	167	250	110	10	03	99
047	00070001	0	167	250	110	10	03	99
048	00070002	0	167	250	110	10	03	99
								
								
								
								
								
LGM								
129	00000152	0						
130	00000153	0						
131	00000154	0						
132	00000155	0						
133	00000319	0						
134	00000157	0						
135	00000158	0						
136	00000159	0						
137	00000160	0						
138	00000161	0						
139	00000162	0						
140	00000163	0						
141	00000164	0						
142	00000165	0						
143	00000166	0						
144	00070000	0						
145	00070001	0						
146	00070002	0						
								
								
								
								
								
SCM								
012								
USM								
001	00004236	0	129	250	110	10	03	1
002	00004237	0	129	250	110	10	03	1
003	00004238	0	130	250	110	10	03	1
004	00004239	0	130	250	110	10	03	1
005	00004240	0	130	250	110	10	03	1
006	00004241	0	130	250	110	10	03	1
007	00004242	0	131	250	110	10	03	1
008	00004243	0	131	250	110	10	03	1
009	00004244	0	131	250	110	10	03	1
010	00004245	0	132	250	110	10	03	1
011	00004246	0	132	250	110	10	03	1
012	00004247	0	132	250	110	10	03	1
013	00004248	0	133	250	110	10	03	1
014	00004249	0	133	250	110	10	03	1
015	00004250	0	133	250	110	10	03	1
016	00004251	0	134	250	110	10	03	1
017	00004252	0	134	250	110	10	03	1
018	00004253	0	134	250	110	10	03	1
019	00004254	0	135	250	110	10	03	1
020	00004255	0	135	250	110	10	03	1
021	00004256	0	135	250	110	10	03	1
022	00004257	0	136	250	110	10	03	1
023	00004258	0	136	250	110	10	03	1
024	00004259	0	136	250	110	10	03	1
025	00004260	0	136	250	110	10	03	1
026	00004261	0	136	250	110	10	03	1
027	00004262	0	137	250	110	10	03	1
028	00004263	0	137	250	110	10	03	1
029	00004264	0	137	250	110	10	03	1
030	00004265	0	137	250	110	10	03	1
031	00004266	0	138	250	110	10	03	1
032	00004267	0	138	250	110	10	03	1
033	00004268	0	138	250	110	10	03	1
034	00004269	0	139	250	110	10	03	1
035	00004270	0	139	250	110	10	03	1
036	00004271	0	139	250	110	10	03	1
037	00004272	0	140	250	110	10	03	1
038	00004273	0	140	250	110	10	03	1
039	00004274	0	140	250	110	10	03	1
040	00004275	0	141	250	110	10	03	1
041	00004276	0	141	250	110	10	03	1
042	00004277	0	141	250	110	10	03	1
043	00004278	0	142	250	110	10	03	1
044	00004279	0	142	250	110	10	03	1
045	00004280	0	142	250	110	10	03	1
046	00004281	0	143	250	110	10	03	1
047	00003616	0	143	250	110	10	03	1
048	00004283	0	143	250	110	10	03	1
049	00004284	0	144	250	110	10	03	1
050	00004285	0	144	250	110	10	03	1
051	00004286	0	144	250	110	10	03	1
052	00004287	0	145	250	110	10	03	1
053	00004288	0	145	250	110	10	03	1
054	00004289	0	145	250	110	10	03	1
055	00004290	0	146	250	110	10	03	1
056	00004291	0	146	250	110	10	03	1
057	00004292	0	146	250	110	10	03	1
058	00004293	0	147	250	110	10	03	1
059	00004294	0	147	250	110	10	03	1
060	00004295	0	147	250	110	10	03	1
061	00070000	0	148	250	110	10	03	99
062	00070001	0	148	250	110	10	03	99
								
								
								
								
								
LGM								
129	00000226	0						
130	00000227	0						
131	00000228	0						
132	00000229	0						
133	00000230	0						
134	00000231	0						
135	00000232	0						
136	00000233	0						
137	00000234	0						
138	00000235	0						
139	00000236	0						
140	00000237	0						
141	00000238	0						
142	00000239	0						
143	00000240	0						
144	00000241	0						
145	00000242	0						
146	00001557	0						
147	00000244	0						
148	00070000	0						
149	00070001	0						
150	00070002	0						
								
								
								
								
								
								
SCM								
013								
USM								
001	00004296	0	129	250	110	10	03	1
002	00004297	0	129	250	110	10	03	1
003	00004298	0	129	250	110	10	03	1
004	00004299	0	130	250	110	10	03	1
005	00004300	0	130	250	110	10	03	1
006	00004301	0	130	250	110	10	03	1
007	00004302	0	131	250	110	10	03	1
008	00004303	0	131	250	110	10	03	1
009	00004304	0	131	250	110	10	03	1
010	00004305	0	132	250	110	10	03	1
011	00004306	0	132	250	110	10	03	1
012	00004307	0	132	250	110	10	03	1
013	00004308	0	133	250	110	10	03	1
014	00004309	0	133	250	110	10	03	1
015	00004310	0	133	250	110	10	03	1
016	00004311	0	134	250	110	10	03	1
017	00004312	0	134	250	110	10	03	1
018	00004313	0	134	250	110	10	03	1
019	00004314	0	135	250	110	10	03	1
020	00004315	0	135	250	110	10	03	1
021	00004316	0	135	250	110	10	03	1
022	00004317	0	136	250	110	10	03	1
023	00004318	0	136	250	110	10	03	1
024	00004319	0	136	250	110	10	03	1
025	00004320	0	137	250	110	10	03	1
026	00004321	0	137	250	110	10	03	1
027	00004322	0	137	250	110	10	03	1
028	00004323	0	138	250	110	10	03	1
029	00004324	0	138	250	110	10	03	1
030	00004325	0	138	250	110	10	03	1
031	00004326	0	139	250	110	10	03	1
032	00004327	0	139	250	110	10	03	1
033	00004328	0	139	250	110	10	03	1
034	00004329	0	140	250	110	10	03	1
035	00004330	0	140	250	110	10	03	1
036	00004331	0	140	250	110	10	03	1
037	00004332	0	141	250	110	10	03	1
038	00004333	0	141	250	110	10	03	1
039	00004334	0	141	250	110	10	03	1
040	00004335	0	142	250	110	10	03	1
041	00004336	0	142	250	110	10	03	1
042	00004337	0	142	250	110	10	03	1
043	00004338	0	143	250	110	10	03	1
044	00004339	0	143	250	110	10	03	1
045	00004340	0	143	250	110	10	03	1
046	00004341	0	144	250	110	10	03	1
047	00004342	0	144	250	110	10	03	1
048	00004343	0	144	250	110	10	03	1
049	00004344	0	145	250	110	10	03	1
050	00004345	0	145	250	110	10	03	1
051	00004346	0	145	250	110	10	03	1
052	00004347	0	146	250	110	10	03	1
053	00004348	0	146	250	110	10	03	1
054	00004349	0	146	250	110	10	03	1
055	00004350	0	147	250	110	10	03	1
056	00004351	0	147	250	110	10	03	1
057	00004352	0	147	250	110	10	03	1
058	00004353	0	148	250	110	10	03	1
059	00004354	0	148	250	110	10	03	1
060	00004355	0	148	250	110	10	03	1
061	00004356	0	148	250	110	10	03	1
062	00070000	0	149	250	110	10	03	99
063	00070001	0	149	250	110	10	03	99
064	00070002	0	149	250	110	10	03	99
								
								
								
								
								
LGM								
129	00000245	0						
130	00000246	0						
131	00000247	0						
132	00000248	0						
133	00000249	0						
134	00000250	0						
135	00000251	0						
136	00000252	0						
137	00000253	0						
138	00000254	0						
139	00001564	0						
140	00000256	0						
141	00000257	0						
142	00000258	0						
143	00000259	0						
144	00000260	0						
145	00000261	0						
146	00000262	0						
147	00000263	0						
148	00000264	0						
149	00070001	0						
150	00070002	0						
								
								
								
								
								
								
								
SCM								
014								
USM								
001	00004357	0	129	250	110	10	03	1
002	00004358	0	129	250	110	10	03	1
003	00004359	0	129	250	110	10	03	1
004	00004360	0	130	250	110	10	03	1
005	00004361	0	130	250	110	10	03	1
006	00004362	0	130	250	110	10	03	1
007	00004363	0	131	250	110	10	03	1
008	00004364	0	131	250	110	10	03	1
009	00004365	0	131	250	110	10	03	1
010	00004366	0	132	250	110	10	03	1
011	00004367	0	132	250	110	10	03	1
012	00004368	0	132	250	110	10	03	1
013	00004369	0	133	250	110	10	03	1
014	00004370	0	133	250	110	10	03	1
015	00004371	0	133	250	110	10	03	1
016	00004372	0	134	250	110	10	03	1
017	00004373	0	134	250	110	10	03	1
018	00004374	0	134	250	110	10	03	1
019	00004375	0	135	250	110	10	03	1
020	00004376	0	135	250	110	10	03	1
021	00004377	0	135	250	110	10	03	1
022	00004378	0	136	250	110	10	03	1
023	00004379	0	136	250	110	10	03	1
024	00004380	0	136	250	110	10	03	1
025	00004381	0	137	250	110	10	03	1
026	00004382	0	137	250	110	10	03	1
027	00004383	0	137	250	110	10	03	1
028	00004384	0	138	250	110	10	03	1
029	00004385	0	138	250	110	10	03	1
030	00004386	0	138	250	110	10	03	1
031	00004387	0	139	250	110	10	03	1
032	00004388	0	139	250	110	10	03	1
033	00004389	0	139	250	110	10	03	1
034	00004390	0	140	250	110	10	03	1
035	00004391	0	140	250	110	10	03	1
036	00004392	0	140	250	110	10	03	1
037	00004393	0	141	250	110	10	03	1
038	00004394	0	141	250	110	10	03	1
039	00004395	0	141	250	110	10	03	1
040	00004396	0	142	250	110	10	03	1
041	00004397	0	142	250	110	10	03	1
042	00004398	0	142	250	110	10	03	1
043	00004399	0	143	250	110	10	03	1
044	00004400	0	143	250	110	10	03	1
045	00004401	0	144	250	110	10	03	1
046	00004402	0	144	250	110	10	03	1
047	00004403	0	145	250	110	10	03	1
048	00004404	0	145	250	110	10	03	1
049	00004405	0	146	250	110	10	03	1
050	00004406	0	146	250	110	10	03	1
051	00004407	0	146	250	110	10	03	1
052	00004408	0	147	250	110	10	03	1
053	00004409	0	147	250	110	10	03	1
054	00004410	0	147	250	110	10	03	1
055	00004411	0	148	250	110	10	03	1
056	00004412	0	148	250	110	10	03	1
057	00004413	0	148	250	110	10	03	1
058	00070000	0	149	250	110	10	03	99
059	00070001	0	149	250	110	10	03	99
060	00070002	0	149	250	110	10	03	99
								
								
								
								
								
LGM								
129	00000265	0						
130	00000266	0						
131	00000267	0						
132	00000268	0						
133	00000269	0						
134	00000270	0						
135	00000271	0						
136	00000272	0						
137	00000273	0						
138	00000274	0						
139	00000275	0						
140	00000276	0						
141	00000277	0						
142	00000278	0						
143	00000279	0						
144	00000280	0						
145	00000281	0						
146	00000282	0						
147	00000283	0						
148	00000284	0						
149	00070001	0						
150	00070002	0						
								
								
								
								
								
SCM								
015								
USM								
001	00004414	0	129	250	110	10	03	1
002	00004415	0	129	250	110	10	03	1
003	00004416	0	129	250	110	10	03	1
004	00004417	0	130	250	110	10	03	1
005	00004418	0	130	250	110	10	03	1
006	00004419	0	130	250	110	10	03	1
007	00004420	0	131	250	110	10	03	1
008	00004421	0	131	250	110	10	03	1
009	00004422	0	131	250	110	10	03	1
010	00004423	0	132	250	110	10	03	1
011	00004424	0	132	250	110	10	03	1
012	00004425	0	132	250	110	10	03	1
013	00004426	0	133	250	110	10	03	1
014	00004427	0	133	250	110	10	03	1
015	00004428	0	133	250	110	10	03	1
016	00004429	0	134	250	110	10	03	1
017	00004430	0	134	250	110	10	03	1
018	00004431	0	134	250	110	10	03	1
019	00004432	0	135	250	110	10	03	1
020	00004433	0	135	250	110	10	03	1
021	00004434	0	135	250	110	10	03	1
022	00004435	0	136	250	110	10	03	1
023	00004436	0	136	250	110	10	03	1
024	00004437	0	136	250	110	10	03	1
025	00004438	0	137	250	110	10	03	1
026	00004439	0	137	250	110	10	03	1
027	00004440	0	138	250	110	10	03	1
028	00004441	0	138	250	110	10	03	1
029	00004442	0	138	250	110	10	03	1
030	00004443	0	138	250	110	10	03	1
031	00004444	0	139	250	110	10	03	1
032	00004445	0	139	250	110	10	03	1
033	00004446	0	140	250	110	10	03	1
034	00004447	0	140	250	110	10	03	1
035	00004448	0	140	250	110	10	03	1
036	00004449	0	141	250	110	10	03	1
037	00004450	0	141	250	110	10	03	1
038	00004451	0	142	250	110	10	03	1
039	00004452	0	142	250	110	10	03	1
040	00004453	0	142	250	110	10	03	1
041	00004454	0	143	250	110	10	03	1
042	00004455	0	143	250	110	10	03	1
043	00004456	0	143	250	110	10	03	1
044	00070000	0	144	250	110	10	03	99
045	00070001	0	144	250	110	10	03	99
046	00070002	0	144	250	110	10	03	99
								
								
								
								
								
LGM								
129	00000285	0						
130	00000286	0						
131	00000287	0						
132	00000288	0						
133	00000289	0						
134	00000290	0						
135	00000291	0						
136	00000292	0						
137	00000293	0						
138	00000294	0						
139	00000318	0						
140	00000296	0						
141	00000297	0						
142	00000298	0						
143	00000299	0						
144	00070001	0						
145	00070002	0						
146	00070003	0						
