SCM     								
001								
USM     								
001	00005908	0	129	220	100	10	03	1
002	00005909	0	129	220	100	10	03	1
003	00005910	0	129	220	100	10	03	1
004	00005911	0	129	220	100	10	03	1
005	00005912	0	129	220	100	10	03	1
006	00005913	0	130	220	100	10	03	1
007	00005914	0	130	220	100	10	03	1
008	00005915	0	130	220	100	10	03	1
009	00005916	0	130	220	100	10	03	1
010	00005917	0	131	220	100	10	03	1
011	00005918	0	131	220	100	10	03	1
012	00005919	0	131	220	100	10	03	1
013	00005920	0	131	220	100	10	03	1
014	00005921	0	132	220	100	10	03	1
015	00005922	0	132	220	100	10	03	1
016	00005923	0	132	220	100	10	03	1
017	00005924	0	132	220	100	10	03	1
018	00005925	0	133	220	100	10	03	1
019	00005926	0	133	220	100	10	03	1
020	00005927	0	133	220	100	10	03	1
021	00005928	0	133	220	100	10	03	1
022	00005929	0	133	220	100	10	03	1
023	00005930	0	134	220	100	10	03	1
024	00005931	0	134	220	100	10	03	1
025	00005932	0	134	220	100	10	03	1
026	00005933	0	134	220	100	10	03	1
027	00005934	0	134	220	100	10	03	1
028	00005935	0	135	220	100	10	03	1
029	00005936	0	135	220	100	10	03	1
030	00005937	0	135	220	100	10	03	1
031	00005938	0	135	220	100	10	03	1
032	00005939	0	136	220	100	10	03	1
033	00005940	0	136	220	100	10	03	1
034	00005941	0	136	220	100	10	03	1
035	00005942	0	136	220	100	10	03	1
036	00005943	0	137	220	100	10	03	1
037	00005944	0	137	220	100	10	03	1
038	00005945	0	137	220	100	10	03	1
039	00005946	0	137	220	100	10	03	1
040	00005947	0	138	220	100	10	03	1
041	00005948	0	138	220	100	10	03	1
042	00005949	0	138	220	100	10	03	1
043	00005950	0	138	220	100	10	03	1
044	00005951	0	138	220	100	10	03	1
045	00050000	0	139	220	100	10	03	99
046	00050001	0	140	220	100	10	03	99
								
LGM								
129	00002042	0						
130	00002043	0						
131	00002044	0						
132	00002045	0						
133	00002046	0						
134	00002047	0						
135	00002048	0						
136	00002049	0						
137	00002050	0						
138	00002051	0						
139	00070000	0						
140	00070001	0						
								
SCM								
002								
USM								
001	00005952	0	129	220	100	10	03	2
002	00005953	0	129	220	100	10	03	2
003	00005954	0	129	220	100	10	03	2
004	00005955	0	129	220	100	10	03	2
005	00005956	0	129	220	100	10	03	2
006	00005957	0	130	220	100	10	03	2
007	00005958	0	130	220	100	10	03	2
008	00005959	0	130	220	100	10	03	2
009	00005960	0	130	220	100	10	03	2
010	00005961	0	131	220	100	10	03	2
011	00005962	0	131	220	100	10	03	2
012	00005963	0	131	220	100	10	03	2
013	00005964	0	131	220	100	10	03	2
014	00005965	0	132	220	100	10	03	2
015	00005966	0	132	220	100	10	03	2
016	00005967	0	132	220	100	10	03	2
017	00005968	0	132	220	100	10	03	2
018	00005969	0	133	220	100	10	03	2
019	00005970	0	133	220	100	10	03	2
020	00005971	0	133	220	100	10	03	2
021	00005972	0	133	220	100	10	03	2
022	00005973	0	133	220	100	10	03	2
023	00005974	0	134	220	100	10	03	2
024	00005975	0	134	220	100	10	03	2
025	00005976	0	134	220	100	10	03	2
026	00005977	0	134	220	100	10	03	2
027	00005978	0	134	220	100	10	03	3
028	00005979	0	134	220	100	10	03	3
029	00005980	0	135	220	100	10	03	3
030	00005981	0	135	220	100	10	03	3
031	00005982	0	135	220	100	10	03	3
032	00005983	0	135	220	100	10	03	3
033	00005984	0	136	220	100	10	03	3
034	00005985	0	136	220	100	10	03	3
035	00005986	0	136	220	100	10	03	3
036	00005987	0	136	220	100	10	03	3
037	00005988	0	137	220	100	10	03	3
038	00005989	0	137	220	100	10	03	3
039	00005990	0	137	220	100	10	03	3
040	00005991	0	137	220	100	10	03	3
041	00005992	0	137	220	100	10	03	3
042	00050000	0	138	220	100	10	03	99
								
								
LGM								
129	00002052	0						
130	00002053	0						
131	00002054	0						
132	00002055	0						
133	00002056	0						
134	00002057	0						
135	00002058	0						
136	00002059	0						
137	00002060	0						
138	00070000	0						
								
SCM								
003								
USM								
001	00005993	0	129	220	100	10	03	4
002	00005994	0	129	220	100	10	03	4
003	00005995	0	129	220	100	10	03	4
004	00005996	0	129	220	100	10	03	4
005	00005997	0	129	220	100	10	03	4
006	00005998	0	130	220	100	10	03	4
007	00005999	0	130	220	100	10	03	4
008	00006000	0	130	220	100	10	03	4
009	00006001	0	130	220	100	10	03	4
010	00006002	0	131	220	100	10	03	4
011	00006003	0	131	220	100	10	03	4
012	00006004	0	131	220	100	10	03	4
013	00006005	0	131	220	100	10	03	4
014	00006006	0	132	220	100	10	03	4
015	00006007	0	132	220	100	10	03	4
016	00006008	0	132	220	100	10	03	4
017	00006009	0	132	220	100	10	03	4
018	00006010	0	133	220	100	10	03	4
019	00006011	0	133	220	100	10	03	4
020	00006012	0	133	220	100	10	03	4
021	00006013	0	133	220	100	10	03	4
022	00006014	0	133	220	100	10	03	4
023	00006015	0	134	220	100	10	03	4
024	00006016	0	134	220	100	10	03	4
025	00006017	0	134	220	100	10	03	4
026	00006018	0	134	220	100	10	03	4
027	00006019	0	134	220	100	10	03	4
028	00006020	0	135	220	100	10	03	4
029	00006021	0	135	220	100	10	03	4
030	00006022	0	135	220	100	10	03	4
031	00006023	0	135	220	100	10	03	4
032	00006024	0	136	220	100	10	03	4
033	00006025	0	136	220	100	10	03	4
034	00006026	0	136	220	100	10	03	4
035	00006027	0	136	220	100	10	03	4
036	00006028	0	137	220	100	10	03	4
037	00006029	0	137	220	100	10	03	4
038	00006030	0	137	220	100	10	03	4
039	00006031	0	137	220	100	10	03	4
040	00006032	0	138	220	100	10	03	4
041	00006033	0	138	220	100	10	03	4
042	00006034	0	138	220	100	10	03	4
043	00006035	0	138	220	100	10	03	4
044	00006036	0	138	220	100	10	03	4
045	00050000	0	139	220	100	10	03	99
046	00050001	0	140	220	100	10	03	99
								
								
LGM								
129	00002061	0						
130	00002062	0						
131	00002063	0						
132	00002064	0						
133	00002065	0						
134	00002066	0						
135	00002067	0						
136	00002068	0						
137	00002069	0						
138	00002070	0						
139	00070000	0						
140	00070001	0						
								
SCM								
004								
USM								
001	00006037	0	129	220	100	10	03	4
002	00006038	0	129	220	100	10	03	4
003	00006039	0	129	220	100	10	03	4
004	00006040	0	129	220	100	10	03	4
005	00006041	0	129	220	100	10	03	4
006	00006042	0	130	220	100	10	03	4
007	00006043	0	130	220	100	10	03	4
008	00006044	0	130	220	100	10	03	4
009	00006045	0	130	220	100	10	03	4
010	00006046	0	131	220	100	10	03	4
011	00006047	0	131	220	100	10	03	4
012	00006048	0	131	220	100	10	03	4
013	00006049	0	131	220	100	10	03	4
014	00006050	0	132	220	100	10	03	4
015	00006051	0	132	220	100	10	03	4
016	00006052	0	132	220	100	10	03	4
017	00006053	0	132	220	100	10	03	4
018	00006054	0	133	220	100	10	03	4
019	00006055	0	133	220	100	10	03	4
020	00006056	0	133	220	100	10	03	4
021	00006057	0	133	220	100	10	03	4
022	00006058	0	133	220	100	10	03	4
023	00006059	0	134	220	100	10	03	4
024	00006060	0	134	220	100	10	03	4
025	00006061	0	134	220	100	10	03	4
026	00006062	0	134	220	100	10	03	4
027	00006063	0	134	220	100	10	03	4
028	00006064	0	135	220	100	10	03	4
029	00006065	0	135	220	100	10	03	4
030	00006066	0	135	220	100	10	03	4
031	00006067	0	135	220	100	10	03	4
032	00006068	0	136	220	100	10	03	4
033	00006069	0	136	220	100	10	03	4
034	00006070	0	136	220	100	10	03	4
035	00006071	0	136	220	100	10	03	4
036	00006072	0	137	220	100	10	03	4
037	00006073	0	137	220	100	10	03	4
038	00006074	0	137	220	100	10	03	4
039	00006075	0	137	220	100	10	03	4
040	00006076	0	138	220	100	10	03	4
041	00006077	0	138	220	100	10	03	4
042	00006078	0	138	220	100	10	03	4
043	00006079	0	138	220	100	10	03	4
044	00006080	0	138	220	100	10	03	4
045	00050000	0	139	220	100	10	03	4
046	00050001	0	140	220	100	10	03	4
								
LGM								
129	00002071	0						
130	00002072	0						
131	00002073	0						
132	00002074	0						
133	00002075	0						
134	00002076	0						
135	00002077	0						
136	00002078	0						
137	00002079	0						
138	00002080	0						
139	00070000	0						
140	00070001	0						
								
SCM								
005								
USM								
001	00006081	0	129	220	100	10	03	5
002	00006082	0	129	220	100	10	03	5
003	00006083	0	129	220	100	10	03	5
004	00006084	0	129	220	100	10	03	5
005	00006085	0	129	220	100	10	03	5
006	00006086	0	130	220	100	10	03	5
007	00006087	0	130	220	100	10	03	5
008	00006088	0	130	220	100	10	03	5
009	00006089	0	130	220	100	10	03	5
010	00006090	0	131	220	100	10	03	5
011	00006091	0	131	220	100	10	03	5
012	00006092	0	131	220	100	10	03	5
013	00006093	0	131	220	100	10	03	5
014	00006094	0	132	220	100	10	03	5
015	00006095	0	132	220	100	10	03	5
016	00006096	0	132	220	100	10	03	5
017	00006097	0	132	220	100	10	03	5
018	00006098	0	133	220	100	10	03	5
019	00006099	0	133	220	100	10	03	5
020	00006100	0	133	220	100	10	03	5
021	00006101	0	133	220	100	10	03	5
022	00006102	0	133	220	100	10	03	5
023	00006103	0	134	220	100	10	03	5
024	00006104	0	134	220	100	10	03	5
025	00006105	0	134	220	100	10	03	5
026	00006106	0	134	220	100	10	03	5
027	00006107	0	135	220	100	10	03	5
028	00006108	0	135	220	100	10	03	5
029	00006109	0	135	220	100	10	03	5
030	00006110	0	136	220	100	10	03	5
031	00006111	0	136	220	100	10	03	5
032	00006112	0	136	220	100	10	03	5
033	00006113	0	136	220	100	10	03	5
034	00006114	0	137	220	100	10	03	5
035	00006115	0	137	220	100	10	03	5
036	00006116	0	137	220	100	10	03	5
037	00006117	0	137	220	100	10	03	5
038	00006118	0	137	220	100	10	03	5
039	00006269	0	138	220	100	10	03	5
040	00006270	0	138	220	100	10	03	5
041	00006271	0	139	220	100	10	03	5
042	00006272	0	139	220	100	10	03	5
043	00006273	0	139	220	100	10	03	5
044	00006274	0	140	220	100	10	03	5
045	00006275	0	140	220	100	10	03	5
046	00006276	0	140	220	100	10	03	5
047	00006277	0	141	220	100	10	03	5
048	00006278	0	141	220	100	10	03	5
049	00006279	0	141	220	100	10	03	5
050	00006280	0	142	220	100	10	03	5
051	00006281	0	142	220	100	10	03	5
052	00006282	0	142	220	100	10	03	5
053	00006283	0	142	220	100	10	03	5
054	00006284	0	143	220	100	10	03	5
055	00006285	0	143	220	100	10	03	5
056	00006286	0	144	220	100	10	03	5
057	00006287	0	144	220	100	10	03	5
058	00006288	0	145	220	100	10	03	5
059	00006289	0	145	220	100	10	03	5
060	00006290	0	145	220	100	10	03	5
061	00006291	0	146	220	100	10	03	5
062	00006292	0	146	220	100	10	03	5
063	00006293	0	146	220	100	10	03	5
064	00006294	0	147	220	100	10	03	5
065	00006295	0	147	220	100	10	03	5
066	00006296	0	147	220	100	10	03	5
067	00006297	0	148	220	100	10	03	5
068	00006298	0	148	220	100	10	03	5
069	00006299	0	148	220	100	10	03	5
070	00050000	0	149	220	100	10	03	99
071	00050001	0	150	220	100	10	03	99
072	00050002	0	150	220	100	10	03	99
								
LGM								
129	00002081	0						
130	00002082	0						
131	00002083	0						
132	00002084	0						
133	00002085	0						
134	00002086	0						
135	00002087	0						
136	00002088	0						
137	00002089	0						
138	00002006	0						
139	00002007	0						
140	00002008	0						
141	00002009	0						
142	00002010	0						
143	00002011	0						
144	00002012	0						
145	00002013	0						
146	00002093	0						
147	00002092	0						
148	00002094	0						
149	00070000	0						
150	00070001	0						
								
SCM								
006								
USM								
001	00006300	0	129	220	100	10	03	5
002	00006301	0	129	220	100	10	03	5
003	00006302	0	129	220	100	10	03	5
004	00006303	0	130	220	100	10	03	5
005	00006304	0	130	220	100	10	03	5
006	00006305	0	130	220	100	10	03	5
007	00006306	0	131	220	100	10	03	5
008	00006307	0	131	220	100	10	03	5
009	00006308	0	132	220	100	10	03	5
010	00006309	0	132	220	100	10	03	5
011	00006310	0	132	220	100	10	03	5
012	00006311	0	132	220	100	10	03	5
013	00006312	0	133	220	100	10	03	5
014	00006313	0	133	220	100	10	03	5
015	00006314	0	133	220	100	10	03	5
016	00006315	0	133	220	100	10	03	5
017	00006316	0	134	220	100	10	03	5
018	00006317	0	134	220	100	10	03	5
019	00006318	0	134	220	100	10	03	5
020	00006319	0	135	220	100	10	03	5
021	00006320	0	135	220	100	10	03	5
022	00006321	0	135	220	100	10	03	5
023	00006322	0	136	220	100	10	03	5
024	00006323	0	136	220	100	10	03	5
025	00006324	0	137	220	100	10	03	5
026	00006325	0	137	220	100	10	03	5
027	00006326	0	137	220	100	10	03	5
028	00006327	0	137	220	100	10	03	5
029	00006328	0	138	220	100	10	03	5
030	00006329	0	138	220	100	10	03	5
031	00006330	0	138	220	100	10	03	5
032	00006331	0	138	220	100	10	03	5
033	00006332	0	138	220	100	10	03	5
034	00050000	0	139	220	100	10	03	99
035	00050001	0	140	220	100	10	03	99
036	00050002	0	140	220	100	10	03	99
								
LGM								
129	00001978	0						
130	00001979	0						
131	00001980	0						
132	00001981	0						
133	00001982	0						
134	00001983	0						
135	00001984	0						
136	00001985	0						
137	00001986	0						
138	00001987	0						
139	00070000	0						
140	00070001	0						
								
SCM								
007								
USM								
001	00006119	0	129	220	100	10	03	6
002	00006120	0	129	220	100	10	03	6
003	00006121	0	129	220	100	10	03	6
004	00006122	0	129	220	100	10	03	6
005	00006123	0	130	220	100	10	03	6
006	00006124	0	130	220	100	10	03	6
007	00006125	0	130	220	100	10	03	6
008	00006126	0	131	220	100	10	03	6
009	00006127	0	131	220	100	10	03	6
010	00006128	0	131	220	100	10	03	6
011	00006129	0	132	220	100	10	03	6
012	00006130	0	132	220	100	10	03	6
013	00006131	0	132	220	100	10	03	6
014	00006132	0	133	220	100	10	03	6
015	00006133	0	133	220	100	10	03	6
016	00006134	0	133	220	100	10	03	6
017	00006135	0	134	220	100	10	03	6
018	00006136	0	134	220	100	10	03	6
019	00006137	0	134	220	100	10	03	6
020	00006138	0	135	220	100	10	03	6
021	00006139	0	135	220	100	10	03	6
022	00006140	0	135	220	100	10	03	6
023	00006141	0	135	220	100	10	03	6
024	00006142	0	136	220	100	10	03	6
025	00006143	0	136	220	100	10	03	6
026	00006144	0	136	220	100	10	03	6
027	00006145	0	137	220	100	10	03	6
028	00006146	0	137	220	100	10	03	6
029	00006147	0	137	220	100	10	03	6
030	00006148	0	137	220	100	10	03	6
031	00006149	0	138	220	100	10	03	6
032	00006150	0	138	220	100	10	03	6
033	00006151	0	138	220	100	10	03	6
034	00006152	0	139	220	100	10	03	6
035	00006153	0	139	220	100	10	03	6
036	00006154	0	139	220	100	10	03	6
037	00006155	0	140	220	100	10	03	6
038	00006156	0	140	220	100	10	03	6
039	00006157	0	140	220	100	10	03	6
040	00006158	0	140	220	100	10	03	6
041	00006159	0	141	220	100	10	03	6
042	00006160	0	141	220	100	10	03	6
043	00006161	0	141	220	100	10	03	6
044	00006162	0	141	220	100	10	03	6
045	00006163	0	142	220	100	10	03	6
046	00006164	0	142	220	100	10	03	6
047	00006165	0	142	220	100	10	03	6
048	00006166	0	142	220	100	10	03	6
049	00006167	0	142	220	100	10	03	6
050	00006168	0	143	220	100	10	03	6
051	00006169	0	143	220	100	10	03	6
052	00006224	0	143	220	100	10	03	6
053	00006225	0	143	220	100	10	03	6
054	00006226	0	143	220	100	10	03	6
055	00050000	0	144	220	100	10	03	99
056	00050001	0	144	220	100	10	03	99
								
LGM								
129	00002090	0						
130	00002091	0						
131	00002092	0						
132	00002093	0						
133	00002094	0						
134	00002095	0						
135	00002096	0						
136	00002097	0						
137	00002098	0						
138	00002099	0						
139	00002100	0						
140	00002101	0						
141	00002102	0						
142	00002103	0						
143	00002104	0						
144	00001975	0						
145	00001976	0						
146	00001977	0						
147	00070000	0						
148	00070001	0						
								
SCM								
008								
USM								
001	00006227	0	129	220	100	10	03	6
002	00006228	0	129	220	100	10	03	6
003	00006229	0	129	220	100	10	03	6
004	00006230	0	129	220	100	10	03	6
005	00006231	0	130	220	100	10	03	6
006	00006232	0	130	220	100	10	03	6
007	00006233	0	131	220	100	10	03	6
008	00006234	0	131	220	100	10	03	6
009	00006235	0	132	220	100	10	03	6
010	00006236	0	132	220	100	10	03	6
011	00006237	0	132	220	100	10	03	6
012	00006238	0	132	220	100	10	03	6
013	00006239	0	133	220	100	10	03	6
014	00006240	0	133	220	100	10	03	6
015	00006241	0	133	220	100	10	03	6
016	00006242	0	133	220	100	10	03	6
017	00006243	0	134	220	100	10	03	6
018	00006244	0	134	220	100	10	03	6
019	00006245	0	134	220	100	10	03	6
020	00006246	0	135	220	100	10	03	6
021	00006247	0	135	220	100	10	03	6
022	00006248	0	135	220	100	10	03	6
023	00006249	0	136	220	100	10	03	6
024	00006250	0	136	220	100	10	03	6
025	00006251	0	136	220	100	10	03	6
026	00006252	0	136	220	100	10	03	6
027	00006253	0	137	220	100	10	03	6
028	00006254	0	137	220	100	10	03	6
029	00006255	0	137	220	100	10	03	6
030	00006256	0	137	220	100	10	03	6
031	00006257	0	138	220	100	10	03	6
032	00006258	0	138	220	100	10	03	6
033	00006259	0	139	220	100	10	03	6
034	00006260	0	139	220	100	10	03	6
035	00006261	0	140	220	100	10	03	6
036	00006262	0	140	220	100	10	03	6
037	00006263	0	140	220	100	10	03	6
038	00006264	0	140	220	100	10	03	6
039	00006265	0	141	220	100	10	03	6
040	00006266	0	141	220	100	10	03	6
041	00006267	0	141	220	100	10	03	6
042	00006268	0	141	220	100	10	03	6
043	00050000	0	142	220	100	10	03	6
044	00050001	0	142	220	100	10	03	6
								
LGM								
129	00002125	0						
130	00002126	0						
131	00002127	0						
132	00002128	0						
133	00002129	0						
134	00002130	0						
135	00002131	0						
136	00002132	0						
137	00002133	0						
138	00002134	0						
139	00002135	0						
140	00002136	0						
141	00002137	0						
142	00070000	0						
								
SCM								
009								
USM								
001	00006170	0	129	220	100	10	03	7
002	00006171	0	129	220	100	10	03	7
003	00006172	0	129	220	100	10	03	7
004	00006173	0	129	220	100	10	03	7
005	00006174	0	129	220	100	10	03	7
006	00006175	0	129	220	100	10	03	7
007	00006176	0	130	220	100	10	03	7
008	00006177	0	130	220	100	10	03	7
009	00006178	0	130	220	100	10	03	7
010	00006179	0	130	220	100	10	03	7
011	00006180	0	130	220	100	10	03	7
012	00006181	0	132	220	100	10	03	7
013	00006182	0	132	220	100	10	03	7
014	00006183	0	132	220	100	10	03	7
015	00006184	0	132	220	100	10	03	7
016	00006185	0	132	220	100	10	03	7
017	00006186	0	131	220	100	10	03	7
018	00006187	0	131	220	100	10	03	7
019	00006188	0	133	220	100	10	03	7
020	00006189	0	133	220	100	10	03	7
021	00006190	0	133	220	100	10	03	7
022	00006191	0	133	220	100	10	03	7
023	00006192	0	133	220	100	10	03	7
024	00006193	0	133	220	100	10	03	7
025	00006194	0	133	220	100	10	03	7
026	00006195	0	133	220	100	10	03	7
027	00006196	0	133	220	100	10	03	7
028	00006197	0	134	220	100	10	03	7
029	00006198	0	134	220	100	10	03	7
030	00006199	0	134	220	100	10	03	7
031	00006200	0	134	220	100	10	03	7
032	00006201	0	134	220	100	10	03	7
033	00006202	0	135	220	100	10	03	7
034	00006203	0	135	220	100	10	03	7
035	00006204	0	135	220	100	10	03	7
036	00006205	0	135	220	100	10	03	7
037	00006206	0	135	220	100	10	03	7
038	00006207	0	136	220	100	10	03	7
039	00006208	0	136	220	100	10	03	7
040	00006209	0	136	220	100	10	03	7
041	00006210	0	136	220	100	10	03	7
042	00006211	0	137	220	100	10	03	7
043	00006212	0	137	220	100	10	03	7
044	00006213	0	138	220	100	10	03	7
045	00006214	0	138	220	100	10	03	7
046	00006215	0	139	220	100	10	03	7
047	00006216	0	139	220	100	10	03	7
048	00006217	0	139	220	100	10	03	7
049	00006218	0	139	220	100	10	03	7
050	00006219	0	140	220	100	10	03	7
051	00006220	0	140	220	100	10	03	7
052	00006221	0	140	220	100	10	03	7
053	00006222	0	140	220	100	10	03	7
054	00006223	0	140	220	100	10	03	7
055	00050000	0	141	220	100	10	03	99
056	00050001	0	142	220	100	10	03	99
								
LGM								
129	00002107	0						
130	00002108	0						
131	00002109	0						
132	00002110	0						
133	00002111	0						
134	00002112	0						
135	00002145	0						
136	00002144	0						
137	00002143	0						
138	00002115	0						
139	00002114	0						
140	00002113	0						
141	00070000	0						
142	00070001	0						
								
SCM								
010								
USM								
001	00007683	0	129	220	100	10	03	7
002	00007004	0	129	220	100	10	03	7
003	00007005	0	130	220	100	10	03	7
004	00007006	0	130	220	100	10	03	7
005	00007010	0	130	220	100	10	03	7
006	00007014	0	130	220	100	10	03	7
007	00007015	0	131	220	100	10	03	7
008	00007019	0	131	220	100	10	03	7
009	00007020	0	131	220	100	10	03	7
010	00007021	0	131	220	100	10	03	7
011	00007027	0	132	220	100	10	03	7
012	00007028	0	132	220	100	10	03	7
013	00007032	0	132	220	100	10	03	7
014	00007033	0	133	220	100	10	03	7
015	00007035	0	133	220	100	10	03	7
016	00007037	0	133	220	100	10	03	7
017	00007038	0	133	220	100	10	03	7
018	00007039	0	134	220	100	10	03	7
019	00007041	0	134	220	100	10	03	7
020	00007042	0	134	220	100	10	03	7
021	00007043	0	135	220	100	10	03	7
022	00007044	0	135	220	100	10	03	7
023	00007045	0	135	220	100	10	03	7
024	00007046	0	136	220	100	10	03	7
025	00007047	0	136	220	100	10	03	7
026	00007048	0	136	220	100	10	03	7
027	00007049	0	136	220	100	10	03	7
028	00007051	0	137	220	100	10	03	7
029	00007052	0	137	220	100	10	03	7
030	00007053	0	137	220	100	10	03	7
031	00007054	0	137	220	100	10	03	7
032	00007055	0	137	220	100	10	03	7
033	00007056	0	138	220	100	10	03	7
034	00007057	0	138	220	100	10	03	7
035	00007058	0	138	220	100	10	03	7
036	00007059	0	138	220	100	10	03	7
037	00007060	0	139	220	100	10	03	7
038	00007061	0	139	220	100	10	03	7
039	00007062	0	139	220	100	10	03	7
040	00007063	0	139	220	100	10	03	7
041	00007064	0	140	220	100	10	03	7
042	00007065	0	140	220	100	10	03	7
043	00007066	0	140	220	100	10	03	7
044	00007067	0	140	220	100	10	03	7
045	00007068	0	141	220	100	10	03	7
046	00007069	0	141	220	100	10	03	7
047	00007070	0	141	220	100	10	03	7
048	00007071	0	141	220	100	10	03	7
049	00007072	0	141	220	100	10	03	7
050	00050000	0	142	220	100	10	03	99
								
								
LGM								
129	00002149	0						
130	00002148	0						
131	00002147	0						
132	00002146	0						
133	00002121	0						
134	00002122	0						
135	00002123	0						
136	00002124	0						
137	00002138	0						
138	00002139	0						
139	00002140	0						
140	00002141	0						
141	00002142	0						
142	00070000	0						
								
SCM								
011								
USM								
001	00006333	0	129	220	100	10	03	7
002	00006334	0	129	220	100	10	03	7
003	00006335	0	129	220	100	10	03	7
004	00006336	0	130	220	100	10	03	7
005	00006337	0	130	220	100	10	03	7
006	00006338	0	130	220	100	10	03	7
007	00006339	0	131	220	100	10	03	7
008	00006340	0	131	220	100	10	03	7
009	00006341	0	131	220	100	10	03	7
010	00006342	0	131	220	100	10	03	7
011	00006343	0	131	220	100	10	03	7
012	00006344	0	131	220	100	10	03	7
013	00006345	0	131	220	100	10	03	7
014	00006346	0	132	220	100	10	03	7
015	00006347	0	132	220	100	10	03	7
016	00006348	0	133	220	100	10	03	7
017	00006349	0	133	220	100	10	03	7
018	00006350	0	133	220	100	10	03	7
019	00006351	0	133	220	100	10	03	7
020	00006352	0	133	220	100	10	03	7
021	00006353	0	134	220	100	10	03	7
022	00006354	0	134	220	100	10	03	7
023	00006355	0	134	220	100	10	03	7
024	00006356	0	134	220	100	10	03	7
025	00006357	0	134	220	100	10	03	7
026	00006358	0	135	220	100	10	03	7
027	00006359	0	135	220	100	10	03	7
028	00006360	0	135	220	100	10	03	7
029	00006361	0	135	220	100	10	03	7
030	00006362	0	135	220	100	10	03	7
031	00006363	0	136	220	100	10	03	7
032	00006364	0	136	220	100	10	03	7
033	00006365	0	136	220	100	10	03	7
034	00006366	0	136	220	100	10	03	7
035	00006367	0	137	220	100	10	03	7
036	00006368	0	137	220	100	10	03	7
037	00006369	0	137	220	100	10	03	7
038	00006370	0	137	220	100	10	03	7
039	00007075	0	138	220	100	10	03	7
040	00007076	0	138	220	100	10	03	7
041	00007077	0	138	220	100	10	03	7
042	00007078	0	138	220	100	10	03	7
043	00007079	0	139	220	100	10	03	7
044	00007080	0	139	220	100	10	03	7
045	00007081	0	139	220	100	10	03	7
046	00007074	0	139	220	100	10	03	7
047	00007073	0	139	220	100	10	03	7
048	00050000	0	140	220	100	10	03	7
								
								
LGM								
129	00002155	0						
130	00002154	0						
131	00002153	0						
132	00002152	0						
133	00002151	0						
134	00002150	0						
135	00002120	0						
136	00002119	0						
137	00002118	0						
138	00002117	0						
139	00002116	0						
140	00070000	0						
